1 0 0 11 0 0 0 3 10 12 4 0 0 9 13 14 0 0 0 0 0 2 7 0 0 3 5 0 0 0 0 1 0 0 0 6 0 0 0 9 11 15 0 0 0 0 0 10 0 15 0 4 0 12 0 16 9 0 0 13 0 11 2 3 6 0 0 0 9 0 0 0 0 0 0 5 0 0 10 0 8 11 0 16 12 13 0 0 0 0 0 0 4 0 0 0 9 0 14 10 5 15 16 0 0 0 0 0 0 8 0 0 13 7 5 0 0 10 0 0 0 0 12 9 0 0 0 0 0 0 0 0 10 14 0 0 0 0 8 0 0 16 6 12 0 0 8 0 0 0 0 0 0 6 1 4 14 2 0 7 0 0 0 12 0 0 0 0 0 0 14 10 13 0 15 11 0 13 0 0 6 0 0 0 0 0 0 11 0 0 0 8 10 5 2 0 14 0 0 4 8 0 16 0 12 0 3 0 12 0 0 0 0 0 10 5 15 0 0 0 1 0 0 0 11 0 0 0 0 1 15 0 0 14 7 0 0 0 0 0 3 14 13 0 0 8 6 7 5 0 0 0 9 0 0 4
14 0 0 11 0 0 1 4 0 2 0 7 0 0 0 0 6 0 0 0 11 0 0 0 16 3 0 0 7 0 0 9 0 1 0 0 14 0 0 0 0 0 9 10 0 4 0 13 0 3 9 16 6 0 0 0 1 0 0 0 14 5 8 12 0 0 12 7 8 3 0 0 0 0 0 0 0 0 1 6 0 0 0 0 0 0 10 0 0 7 5 0 0 12 15 0 2 0 0 0 7 15 0 14 0 0 8 1 0 3 0 0 0 10 0 0 4 0 0 0 15 0 0 0 0 0 9 0 0 7 0 0 0 0 0 1 0 0 0 13 0 0 6 0 0 0 1 0 9 12 0 0 2 0 6 15 0 0 0 16 0 14 2 0 0 4 6 0 0 8 0 0 0 0 0 0 15 16 0 0 0 0 0 0 0 0 7 14 10 11 0 0 11 2 14 1 0 0 0 9 0 0 0 6 12 15 5 0 5 0 8 0 15 14 0 0 0 0 0 11 0 0 4 0 12 0 0 10 0 0 2 11 0 0 0 3 0 0 0 8 0 0 0 0 13 0 4 0 14 12 0 0 2 0 0 3
13 12 0 1 0 0 0 0 14 0 16 0 0 0 0 11 0 0 0 0 0 0 13 0 0 0 0 0 0 15 0 0 0 0 8 0 4 7 0 1 0 0 0 0 12 13 0 0 0 9 15 0 11 6 0 0 0 0 8 0 4 0 0 10 0 0 11 0 1 0 0 14 0 10 3 5 0 0 0 0 0 3 4 10 0 11 0 0 0 7 9 0 13 0 0 1 0 0 13 0 0 3 0 6 0 0 0 14 15 0 11 0 1 0 0 8 0 0 15 7 0 4 11 0 6 0 0 2 16 0 0 12 0 15 5 0 1 13 0 0 11 0 0 14 0 10 0 11 12 0 0 0 5 0 2 0 0 7 0 0 8 0 0 14 0 13 2 0 0 0 6 0 3 16 1 0 0 0 0 0 6 16 4 0 15 0 0 7 0 2 0 0 10 0 0 4 0 9 0 0 0 0 13 6 0 11 15 0 0 0 2 9 0 0 0 0 4 0 15 12 0 14 0 0 0 0 16 0 0 0 0 0 0 8 0 0 0 0 0 0 6 0 0 0 0 5 0 8 0 0 0 0 7 0 16 9
2 0 12 9 0 13 0 6 0 15 0 3 5 4 0 14 14 0 0 6 0 0 0 0 0 11 0 8 3 2 0 0 0 7 8 0 0 0 0 0 0 9 0 0 13 15 1 0 10 0 0 0 0 15 0 0 7 0 13 12 0 0 0 11 0 0 5 0 0 0 0 0 11 13 16 1 0 10 14 8 0 10 0 0 0 6 0 3 12 8 14 15 0 0 0 7 16 0 14 0 0 10 15 8 4 0 6 0 2 5 0 13 0 1 7 8 12 0 0 14 10 0 0 2 15 0 0 4 3 0 0 4 5 0 0 7 13 0 0 6 11 14 12 0 5 0 6 13 0 3 0 11 14 16 7 0 0 9 0 2 11 0 0 0 10 2 12 15 5 0 3 0 0 0 13 0 7 2 15 0 6 14 4 13 0 0 0 0 0 16 0 0 1 0 0 0 7 8 0 10 0 0 11 0 0 0 0 15 0 4 11 7 0 0 6 0 0 0 0 0 0 13 2 0 0 0 2 3 14 0 13 0 0 0 0 0 10 0 0 16 15 0 10 14 16 0 2 0 8 0 4 0 9 7 0 1
0 0 0 0 0 7 15 0 0 14 9 2 0 0 0 6 13 5 0 16 0 0 0 0 0 0 0 0 1 0 8 3 0 0 9 0 3 8 6 0 0 0 0 0 0 0 0 2 4 0 8 14 0 0 5 0 6 15 0 0 0 0 13 0 0 0 4 0 0 0 0 0 0 0 10 7 0 0 12 5 0 0 0 0 13 0 0 5 12 3 2 0 0 0 11 0 0 0 13 9 10 3 7 0 0 0 0 0 14 0 2 0 6 14 0 0 0 9 0 15 0 0 0 1 0 0 7 10 2 10 0 0 14 0 0 0 4 0 5 0 0 0 3 15 0 16 0 6 0 0 0 0 0 10 7 8 11 14 0 0 0 9 0 0 0 1 11 3 15 0 0 6 0 0 0 0 11 13 0 0 8 5 0 0 0 0 0 0 0 7 0 0 0 12 0 0 0 0 8 16 0 1 0 0 5 4 0 13 10 0 0 0 0 0 0 0 0 16 12 5 0 8 0 0 1 7 0 15 0 0 0 0 0 0 0 0 9 0 6 12 8 0 0 0 11 15 9 0 0 2 6 0 0 0 0 0
0 0 14 8 16 0 13 0 4 12 1 15 3 7 0 0 0 0 0 13 0 8 0 0 7 0 0 2 0 1 0 0 0 1 0 2 5 0 4 0 0 14 0 0 9 0 0 0 12 6 3 0 0 0 0 14 0 5 13 0 16 0 0 4 7 5 0 12 0 14 0 0 2 15 4 0 0 10 0 13 0 0 11 15 0 0 0 0 1 6 0 0 0 2 0 0 0 0 0 0 8 0 10 0 5 0 11 0 1 0 0 0 0 0 0 0 0 5 0 2 12 0 0 10 0 15 6 0 0 7 15 0 9 0 0 16 6 0 3 0 0 0 0 0 0 0 0 16 0 3 0 5 0 9 0 1 0 0 0 0 0 0 9 0 0 0 15 10 0 0 0 0 12 16 0 0 1 0 12 0 0 13 2 7 0 0 15 0 5 0 9 14 11 0 0 5 0 4 9 0 13 0 0 0 0 3 8 1 0 0 0 10 0 0 5 0 0 1 0 14 6 0 12 0 0 0 1 0 2 0 0 8 0 0 6 0 15 0 0 0 0 0 7 4 12 16 6 1 0 11 0 3 13 9 0 0
3 0 0 0 8 0 7 0 0 0 0 0 5 0 0 0 0 8 0 0 4 14 0 2 0 6 10 0 16 0 0 0 14 0 0 4 0 0 0 5 0 0 9 0 13 6 0 10 9 0 0 12 0 10 0 0 15 14 13 5 0 3 2 0 0 0 0 0 6 1 13 0 2 0 7 9 0 0 14 0 0 0 0 0 9 0 16 0 0 1 0 11 0 0 4 0 0 3 12 9 0 0 8 0 0 0 0 0 6 5 0 0 0 0 1 0 0 0 5 15 16 0 0 0 0 0 13 11 7 5 0 0 0 0 0 11 9 3 0 0 0 12 0 0 0 0 15 11 0 0 0 0 0 8 0 0 1 10 9 0 0 12 0 0 1 0 2 0 0 10 0 15 0 0 0 0 0 9 0 0 5 16 0 13 0 2 6 12 0 0 0 0 0 11 8 0 14 4 1 16 0 0 5 0 7 0 0 13 15 0 9 2 0 3 0 0 10 0 0 0 4 0 0 5 0 0 0 14 0 5 15 0 13 0 4 3 0 0 12 0 0 0 0 10 0 0 0 0 0 16 0 8 0 0 0 2
0 0 12 0 0 0 0 8 13 15 0 2 0 0 7 0 0 8 2 0 6 7 12 0 0 0 0 3 0 0 5 0 11 0 9 0 0 2 0 0 4 0 5 0 0 3 0 12 1 5 0 13 0 0 3 15 0 0 0 16 0 0 9 0 7 0 0 0 0 0 6 2 0 0 0 0 0 0 0 0 10 6 0 0 0 14 0 0 0 4 1 0 2 0 16 0 9 0 0 0 0 16 15 0 5 0 0 0 0 13 12 4 0 4 14 8 0 1 0 0 0 0 0 11 7 15 6 0 0 10 11 1 15 0 0 0 0 0 9 0 16 8 2 0 5 13 15 0 0 0 0 12 0 6 4 0 0 0 0 7 0 12 0 14 0 6 7 0 0 0 2 0 0 0 11 13 0 0 0 0 0 0 0 0 15 13 0 0 0 0 0 14 0 15 0 0 1 0 0 0 10 3 0 0 9 0 14 2 8 0 13 0 0 10 0 4 0 0 14 0 0 12 0 3 0 2 0 0 5 0 0 0 0 9 13 4 0 6 8 0 0 3 0 0 2 0 11 14 16 0 0 0 0 7 0 0
0 2 8 11 1 0 0 16 0 0 7 0 13 9 0 15 0 0 0 15 0 9 0 2 14 0 13 0 4 8 0 0 0 0 0 0 0 0 14 0 5 0 16 0 1 0 0 0 5 0 0 4 0 13 0 0 0 9 0 2 11 14 10 0 0 0 0 0 4 8 0 0 16 14 0 0 0 0 7 0 0 0 15 7 0 10 0 11 2 12 0 0 3 0 8 0 0 0 0 16 15 6 0 0 4 10 0 0 0 11 0 12 0 0 2 0 0 0 7 0 0 0 0 0 0 15 16 0 0 15 12 0 0 0 0 0 0 5 0 0 0 6 0 0 11 0 14 0 0 0 15 5 0 0 2 3 10 0 0 0 0 7 0 5 0 0 12 9 13 0 4 0 14 16 0 0 0 13 0 0 0 0 8 3 0 0 10 16 0 0 0 0 0 4 7 6 10 0 13 0 0 0 9 0 12 0 0 2 0 0 0 14 0 1 0 4 0 13 0 0 0 0 0 0 0 0 16 10 0 5 0 14 7 0 6 0 15 0 0 0 13 0 11 2 0 15 0 0 8 0 0 4 6 3 1 0
8 1 7 0 12 5 2 0 0 0 6 4 0 13 11 0 13 0 0 0 0 11 0 0 1 0 0 16 4 5 0 10 5 0 2 9 0 0 3 14 0 10 0 0 6 0 0 0 0 0 0 0 6 7 0 0 3 0 0 5 0 0 0 0 15 16 0 11 0 0 6 0 0 0 0 10 13 0 1 5 0 0 6 8 0 10 0 0 16 0 0 0 0 14 0 0 0 0 0 14 13 8 0 0 0 11 3 7 0 0 15 0 0 13 0 4 0 0 14 15 6 0 0 8 0 0 3 12 16 6 0 0 14 0 0 7 8 12 0 0 10 0 2 0 0 10 0 0 16 1 15 0 0 0 9 2 7 0 0 0 0 0 9 0 0 0 0 13 0 0 11 0 12 15 0 0 4 12 0 15 2 0 0 0 0 7 0 0 14 0 5 8 0 0 0 0 9 0 0 2 0 0 12 11 0 0 0 0 0 0 0 2 0 0 1 0 7 9 0 0 8 12 0 13 14 0 12 13 10 0 0 16 0 0 4 0 0 0 0 3 0 8 11 0 3 12 0 0 0 6 10 14 0 7 4 2
9 2 3 6 12 0 8 0 0 0 0 10 0 5 0 7 0 0 7 0 15 0 5 13 0 0 0 0 0 0 0 1 0 0 15 0 0 9 0 0 0 6 0 11 16 0 14 0 12 11 0 0 2 0 0 0 0 0 7 0 15 10 3 0 4 14 13 0 0 0 0 0 9 0 5 7 0 0 10 6 0 0 0 0 6 5 0 3 0 4 0 0 7 12 15 14 0 0 5 2 0 0 9 1 0 0 8 0 0 4 0 0 0 0 0 0 0 0 0 2 0 14 0 0 0 1 0 0 0 0 10 0 0 0 16 0 5 0 0 0 0 0 0 0 0 0 4 0 0 8 0 0 2 7 0 0 10 3 0 0 11 12 2 5 0 0 13 0 4 0 15 14 0 0 0 0 13 1 0 0 3 2 0 5 0 0 0 0 0 6 9 15 0 16 9 1 0 6 0 0 0 0 0 4 0 0 2 13 0 8 0 7 13 0 15 0 0 0 2 0 0 14 0 0 10 0 0 0 0 0 0 0 7 13 0 1 0 11 0 0 2 0 12 0 16 0 0 0 0 11 0 5 3 15 8 9
9 0 0 6 2 0 0 13 15 16 0 11 0 0 5 8 0 0 11 16 9 6 5 0 4 0 7 0 0 0 0 2 0 0 0 10 0 0 0 7 5 0 2 0 0 0 0 0 1 5 0 0 0 8 3 11 0 0 0 0 0 0 15 7 0 1 0 0 16 14 0 0 0 0 0 0 0 0 4 0 0 14 0 0 13 7 0 10 0 4 0 0 0 3 12 6 0 0 6 15 3 0 0 9 0 0 0 0 11 0 14 1 3 0 0 13 0 4 0 0 7 0 0 9 5 0 2 0 0 10 0 8 5 0 0 2 0 0 11 0 4 0 0 13 5 6 0 7 0 0 0 0 14 0 0 8 2 16 0 0 16 9 15 0 0 0 14 0 2 0 4 13 0 0 3 0 0 4 0 0 0 0 0 0 0 0 1 16 0 0 8 0 6 12 0 0 0 0 0 0 10 2 14 0 0 0 9 11 0 0 0 0 0 13 0 4 16 0 0 0 15 0 0 0 15 0 0 0 0 2 0 14 0 3 13 7 12 4 0 0 11 13 0 0 12 0 10 1 8 0 0 15 14 0 0 5
0 0 0 0 0 0 3 0 16 0 13 0 10 0 9 0 1 0 4 10 0 0 0 0 0 14 0 12 0 0 0 0 0 0 5 0 0 4 2 14 9 0 6 0 12 11 0 0 9 0 6 11 0 0 0 7 3 0 0 0 0 0 1 14 0 0 0 7 0 0 0 16 0 0 2 4 0 0 14 0 0 0 2 5 0 0 4 8 0 0 9 0 1 0 6 13 8 15 0 14 0 2 9 6 0 0 0 10 0 7 0 3 0 3 0 0 7 0 0 0 0 0 0 0 9 5 0 11 14 0 10 6 0 0 0 0 0 0 0 11 0 0 7 0 7 0 3 0 13 0 0 0 14 6 16 0 11 0 4 9 4 12 0 9 0 14 0 0 15 7 0 0 8 16 0 0 0 8 0 0 9 7 0 0 2 0 0 0 6 0 0 0 12 9 0 0 0 0 0 2 1 0 0 0 13 6 0 5 0 0 7 13 0 9 0 3 4 2 11 0 0 1 0 0 0 0 0 0 6 0 12 0 0 0 0 0 2 15 0 10 0 6 0 16 0 11 0 1 0 12 0 0 0 0 0 0
12 14 5 0 0 0 0 0 0 0 2 9 8 0 4 15 0 0 0 6 0 16 0 0 12 0 14 0 0 1 0 9 1 2 0 0 0 0 0 0 8 0 0 0 5 3 12 0 10 9 0 0 0 0 4 15 0 11 0 0 14 0 0 0 9 0 0 5 3 10 16 0 15 0 0 1 4 11 13 0 0 11 8 0 14 0 0 13 0 0 0 7 0 0 0 10 0 4 0 0 0 0 0 0 11 10 13 0 0 0 0 0 0 3 0 0 15 0 0 0 16 2 0 0 12 0 5 8 15 13 0 2 0 0 12 3 0 0 0 8 0 0 14 0 0 0 0 0 0 6 14 4 0 0 0 0 0 0 11 0 16 0 0 0 13 0 0 0 3 0 0 12 0 9 7 0 0 8 3 12 5 0 0 1 0 14 9 6 16 0 0 4 0 0 0 8 0 0 2 0 1 7 0 0 0 0 9 6 0 12 15 10 0 0 0 14 0 0 0 0 0 0 1 3 2 0 13 0 0 3 0 10 0 0 4 0 11 0 0 0 4 16 0 14 6 9 0 0 0 0 0 0 0 10 8 7
0 0 0 8 4 0 0 0 14 15 5 0 7 9 0 0 0 0 0 0 11 1 0 0 10 0 0 16 4 0 0 0 0 0 9 0 16 0 0 0 3 0 0 0 11 0 0 0 4 5 12 0 0 0 10 0 7 0 11 0 0 16 0 0 0 0 0 10 0 0 0 0 16 0 0 0 0 0 9 5 14 8 4 0 0 0 0 9 12 0 0 2 0 1 0 0 0 0 1 0 5 0 2 3 0 0 0 0 14 0 0 10 5 16 0 12 15 14 4 0 0 0 0 0 0 2 8 0 0 1 7 0 0 0 0 0 0 6 2 14 15 0 11 13 6 0 0 14 0 0 0 0 15 1 0 13 0 5 0 0 0 0 10 0 6 0 0 13 11 0 0 0 0 7 2 16 13 3 0 0 0 0 0 1 0 0 0 0 12 0 0 0 0 0 16 0 0 10 0 11 0 9 0 0 0 4 14 2 0 0 0 13 0 0 0 8 0 0 0 10 0 15 0 0 0 0 0 3 7 0 0 2 0 0 12 4 0 0 0 0 0 0 2 7 0 5 15 4 0 0 0 1 6 0 0 0
15 0 0 0 0 5 6 11 0 8 0 9 10 7 12 0 0 5 0 11 0 13 9 2 3 10 0 0 0 0 0 4 0 0 0 2 10 16 0 0 1 0 11 12 0 0 15 0 0 0 0 0 0 8 7 0 0 0 0 0 0 0 0 0 0 14 16 0 7 15 10 0 0 0 0 0 0 0 4 9 12 0 0 0 1 0 0 4 6 16 0 10 0 8 3 7 0 1 0 0 0 0 5 8 0 0 15 0 0 14 11 0 9 4 0 6 0 0 0 12 5 0 1 0 2 15 10 0 0 7 14 3 0 10 0 6 12 0 0 0 15 0 9 1 0 9 1 0 0 3 0 0 7 2 0 0 0 0 16 0 16 6 2 0 13 0 12 9 8 0 0 1 0 0 0 3 4 12 0 0 0 0 0 0 0 15 3 16 0 6 2 0 0 0 0 0 0 0 0 0 0 4 6 0 0 0 0 0 0 10 0 0 9 7 0 16 0 0 8 15 4 0 0 0 13 0 0 0 0 0 4 10 14 3 9 0 7 0 6 0 0 15 8 4 2 0 3 0 10 12 13 0 0 0 0 16
10 0 1 0 0 0 0 8 0 0 0 0 0 11 5 6 0 8 0 0 0 0 0 0 0 4 15 7 0 0 0 1 7 0 0 4 1 0 0 13 0 10 0 0 0 3 8 12 9 12 11 6 0 0 0 0 0 0 3 8 13 10 0 0 0 0 0 0 0 0 14 12 0 15 7 2 6 0 0 0 0 13 0 7 0 4 1 0 3 0 0 0 14 0 0 0 6 16 0 0 0 0 0 0 0 0 12 4 0 0 0 5 0 0 8 0 0 16 0 9 10 0 0 11 0 13 12 0 0 2 4 0 13 0 0 3 12 0 1 0 0 6 0 0 8 0 0 0 15 6 0 0 0 0 0 0 0 0 16 11 0 0 0 14 0 0 0 1 0 11 8 0 5 0 2 0 0 0 0 5 7 12 9 0 15 16 0 0 0 0 0 0 0 0 2 9 16 13 0 0 0 0 0 0 12 4 7 10 14 10 7 0 0 0 5 0 16 0 0 13 11 0 0 3 4 0 0 0 12 3 10 0 0 0 0 0 0 0 6 0 1 3 16 0 0 0 0 0 7 0 0 0 0 14 0 2
0 2 0 0 0 6 0 1 13 3 11 4 0 0 0 15 13 15 0 0 0 0 0 3 0 0 6 7 12 5 0 0 6 0 7 0 0 14 9 12 0 0 16 0 0 0 4 0 3 5 0 0 15 0 0 7 8 12 9 10 0 0 0 0 2 0 0 0 0 0 15 5 4 0 3 1 8 13 14 0 0 0 6 9 10 4 11 13 15 0 8 2 0 1 0 7 0 0 0 3 0 8 16 2 0 10 0 0 0 15 0 0 0 0 0 8 0 0 3 0 7 5 0 16 0 0 10 6 1 9 0 0 4 0 7 14 0 16 0 0 6 0 0 0 0 0 5 0 0 0 6 0 1 11 4 0 2 0 0 0 15 0 2 0 1 11 0 16 9 13 14 5 4 7 0 0 0 14 4 11 2 13 0 8 6 15 0 0 0 0 0 3 0 0 0 0 12 16 14 6 3 0 0 11 0 0 13 5 0 13 0 0 0 7 0 0 10 4 2 0 0 6 0 12 0 0 14 16 8 15 0 0 12 0 0 0 0 0 3 2 12 0 0 0 3 9 2 4 16 0 15 0 0 0 11 0
0 11 0 0 0 0 0 0 0 0 0 5 0 7 6 13 7 14 16 13 0 11 0 0 2 0 10 0 0 15 0 0 4 8 0 0 0 6 7 12 0 0 0 0 10 0 0 0 0 0 0 0 0 0 4 8 1 0 15 0 0 0 11 3 9 0 0 3 10 0 0 6 0 13 0 11 0 0 0 4 13 0 14 0 0 3 8 0 5 0 0 0 0 0 0 16 8 0 0 10 12 0 5 11 4 9 0 0 7 0 1 0 0 0 0 0 9 15 0 0 0 8 0 0 0 0 0 0 0 0 0 0 0 0 13 0 0 0 14 2 0 0 0 0 0 7 0 1 0 0 6 15 10 5 0 9 4 0 0 12 12 0 0 0 0 0 0 1 0 16 8 0 0 13 0 15 11 0 0 0 16 0 14 0 12 0 0 3 1 0 0 10 2 12 0 0 0 1 0 10 13 3 0 0 0 0 0 0 0 0 0 7 0 0 0 0 16 4 2 0 0 0 10 1 0 0 13 0 0 5 0 3 0 0 11 0 6 8 16 14 6 1 5 0 14 0 0 0 0 0 0 0 0 0 3 0
0 0 0 0 0 0 0 0 7 1 0 0 15 0 6 12 0 0 0 15 0 0 0 1 0 16 6 0 0 0 0 3 0 0 8 0 6 0 0 0 12 0 3 15 0 7 0 9 0 0 6 0 0 16 15 11 10 4 9 0 13 0 0 0 0 15 0 9 0 0 0 12 0 5 0 4 0 0 0 14 11 7 1 0 0 0 0 10 16 14 0 12 0 9 0 0 8 0 14 0 0 6 0 0 0 3 2 0 16 5 11 0 0 0 0 5 9 0 1 0 0 8 7 0 0 0 0 0 0 0 0 0 0 14 13 0 0 10 0 5 11 0 0 0 0 1 9 14 0 8 7 0 0 0 11 0 0 3 0 15 0 0 3 0 11 0 16 9 6 0 0 0 0 2 1 13 13 0 0 0 5 0 2 0 4 0 0 0 14 0 10 0 0 0 0 6 0 3 14 16 1 13 12 0 0 15 0 0 1 0 4 0 15 12 0 5 0 0 0 3 0 14 0 0 7 0 0 0 0 13 6 0 8 0 0 0 5 0 0 0 14 13 0 12 0 0 9 7 0 0 0 0 0 0 0 0
0 0 3 0 0 15 7 0 0 0 0 11 0 4 1 12 15 0 6 16 0 1 10 0 0 0 0 0 5 0 8 9 0 0 0 11 0 0 12 0 0 0 3 1 0 0 0 6 12 5 1 0 0 0 11 0 0 0 0 0 15 0 0 16 0 0 0 0 0 10 0 16 3 0 8 13 0 12 0 5 0 11 8 10 12 0 0 0 7 0 0 0 0 9 0 15 0 0 0 0 0 0 9 5 12 0 0 15 16 0 0 0 0 0 13 0 2 0 4 15 0 0 0 0 0 10 0 8 14 0 16 0 0 0 0 0 2 5 0 10 0 3 0 0 0 0 0 3 15 0 0 13 16 7 0 0 0 0 0 0 5 0 11 0 0 0 0 3 0 0 0 6 12 16 9 0 13 0 7 0 5 12 0 11 1 0 4 0 0 0 0 0 8 0 0 13 0 0 0 0 0 3 0 0 0 5 4 10 3 0 0 0 6 8 0 0 0 16 0 0 7 0 0 0 11 14 0 7 0 0 0 0 0 1 9 0 8 13 0 2 9 6 4 0 13 0 0 0 0 2 5 0 0 1 0 0
0 0 2 0 14 8 0 10 0 0 16 12 0 0 9 0 8 0 0 16 9 0 2 0 0 0 0 0 0 5 0 15 0 0 1 7 6 0 0 5 9 8 0 0 0 16 0 0 0 0 0 0 3 0 0 0 0 11 7 5 1 0 6 0 14 0 6 10 0 0 0 1 0 13 15 0 5 0 12 0 16 0 0 15 0 2 8 0 0 0 0 0 0 4 0 0 7 12 0 0 0 11 10 0 0 5 1 0 2 0 15 0 0 11 8 0 0 0 0 0 6 0 0 0 0 0 0 0 0 0 0 0 0 0 0 2 0 0 0 0 0 13 14 0 0 3 0 14 0 6 13 0 0 4 9 0 0 0 5 11 0 0 4 0 0 0 0 0 0 15 5 0 16 0 0 3 0 16 0 13 0 5 15 0 8 0 0 0 10 7 0 9 0 2 0 6 5 16 9 0 0 0 0 13 0 0 0 0 0 0 13 0 0 0 6 8 2 0 0 16 9 3 0 0 12 0 9 0 0 0 0 0 0 10 0 11 14 0 0 16 0 1 0 0 15 13 0 0 5 0 14 4 0 2 0 0
0 0 0 15 0 8 0 0 0 11 0 6 3 0 0 4 0 0 0 10 0 0 2 0 0 1 0 0 5 0 0 11 0 0 0 0 14 4 0 13 0 0 0 0 2 16 0 0 16 0 0 4 0 7 0 12 0 0 13 8 0 15 6 1 0 9 0 0 7 0 0 16 0 0 0 10 0 0 0 15 0 7 0 0 8 13 0 0 1 3 11 9 10 14 0 0 0 0 2 0 0 0 0 9 15 14 0 7 0 12 0 0 15 0 0 0 0 0 3 10 5 4 16 0 0 0 0 0 0 0 0 0 0 1 10 14 11 8 0 0 0 0 0 6 0 0 13 0 6 0 4 15 3 0 0 0 0 8 0 0 0 0 11 8 13 12 7 5 0 0 14 15 0 0 9 0 6 0 0 0 3 0 0 0 10 0 0 13 0 0 15 0 4 11 14 0 15 16 0 0 8 0 6 0 9 0 0 5 0 0 7 16 0 0 0 0 9 0 4 11 0 0 0 0 1 0 0 5 0 0 14 0 0 16 0 0 4 0 0 0 9 0 0 2 12 0 8 0 0 0 10 0 6 0 0 0
12 0 0 0 0 0 0 8 16 2 0 10 0 13 5 0 8 0 0 0 0 13 15 0 12 4 1 0 9 0 0 0 0 0 1 16 0 0 10 5 0 0 0 6 15 0 11 0 11 5 0 0 0 3 16 0 0 0 0 0 0 0 0 0 6 0 0 0 0 11 0 0 0 0 12 0 3 10 0 13 0 14 12 0 0 0 7 9 0 6 4 0 0 0 0 0 5 0 16 10 0 0 0 6 0 0 15 3 0 9 0 0 4 0 0 8 3 0 12 0 0 0 14 0 7 6 0 0 0 0 14 3 0 9 0 0 0 8 0 4 13 0 0 1 0 0 13 0 8 16 0 0 5 0 0 0 10 7 0 4 0 0 0 0 0 1 13 0 3 11 0 0 0 14 16 0 16 0 4 1 0 15 0 0 0 0 2 0 0 0 0 11 0 0 0 0 0 0 0 0 0 13 9 0 0 0 7 5 0 3 0 12 16 0 0 0 11 1 0 0 6 4 0 0 0 0 0 13 0 7 11 15 0 14 3 0 0 0 0 9 0 4 5 0 13 0 8 12 6 0 0 0 0 0 0 14
0 0 0 0 0 0 8 0 2 14 15 0 6 0 0 0 0 2 0 0 6 10 0 14 0 0 0 11 0 0 1 12 0 0 8 0 0 9 4 0 0 10 0 0 0 0 14 3 6 0 0 5 7 0 0 0 12 3 0 13 10 0 4 8 0 15 7 0 0 3 0 0 0 0 0 8 0 0 0 0 0 3 0 2 0 0 0 8 0 1 0 0 12 16 0 4 0 0 0 1 5 16 6 0 0 0 0 9 0 0 13 0 0 12 0 8 1 0 11 0 0 0 0 0 2 0 0 5 11 0 0 12 0 0 0 0 0 5 0 10 4 0 7 0 0 5 0 0 4 0 0 0 0 16 14 1 3 0 0 0 14 0 10 4 0 0 1 0 13 0 0 0 16 0 2 0 0 0 0 0 10 0 0 0 0 0 4 0 0 15 8 0 2 7 0 16 13 0 5 11 0 0 0 6 9 0 0 14 13 6 0 0 0 0 7 0 0 12 2 0 0 8 0 0 4 10 0 0 2 0 0 0 8 0 9 16 0 0 15 0 0 0 0 15 0 6 10 12 0 7 0 0 0 0 0 0
16 0 0 0 0 0 0 3 0 0 10 13 14 0 0 4 0 4 8 0 13 10 0 0 0 9 0 0 0 0 16 3 0 7 0 3 0 12 5 0 0 0 8 1 6 0 0 2 0 0 0 12 0 9 11 14 16 0 0 0 0 0 0 0 0 0 11 16 14 1 9 0 4 8 0 0 0 0 0 7 4 0 7 9 0 15 0 0 0 0 2 0 5 0 0 0 0 0 0 0 5 0 0 0 0 16 14 0 2 0 10 0 0 5 2 0 4 0 0 0 0 0 0 0 0 13 0 9 5 0 14 0 0 0 0 0 0 0 0 11 0 15 8 0 0 15 0 1 0 5 8 0 0 0 0 3 0 0 0 0 0 0 0 8 0 11 0 0 0 0 5 0 16 3 0 10 3 0 0 0 0 0 10 9 0 2 16 8 12 5 0 0 0 0 0 0 0 0 0 8 10 5 6 0 4 0 0 0 15 0 0 6 7 3 0 0 0 14 9 0 8 0 1 0 14 3 0 0 0 0 6 0 0 0 12 7 0 16 2 0 2 0 0 10 11 16 0 0 3 0 0 0 0 0 0 12
0 0 11 3 6 0 0 0 0 5 7 13 0 15 0 0 1 9 0 0 0 3 15 4 0 6 0 0 0 0 0 10 0 0 0 0 14 0 0 0 15 0 0 4 3 7 0 0 15 0 0 0 0 0 7 1 0 3 12 0 0 13 9 4 0 0 0 0 10 12 0 0 5 0 11 1 0 0 13 0 0 0 0 0 0 0 0 0 0 10 16 6 0 4 2 0 0 0 12 0 0 1 2 7 13 0 0 0 11 0 6 0 0 3 0 0 8 11 0 0 7 0 15 14 1 0 0 16 9 0 0 14 1 15 0 6 0 0 3 5 0 0 12 0 0 12 0 1 0 0 0 5 4 14 10 0 0 3 0 0 0 7 5 0 9 4 13 0 0 0 0 0 0 0 0 0 0 15 0 0 11 10 0 12 0 0 13 9 0 0 0 0 6 11 3 0 0 9 10 0 14 16 0 0 0 0 0 13 0 0 15 5 4 0 0 2 0 0 0 12 0 0 0 0 13 0 0 0 0 0 14 0 2 8 4 0 0 0 5 11 0 0 14 0 5 16 12 0 0 0 0 10 9 6 0 0
13 14 0 15 0 3 7 10 0 0 0 9 0 0 0 0 0 0 4 6 15 0 2 0 0 0 13 0 0 0 0 16 0 0 9 16 11 0 0 0 0 0 6 0 3 0 2 0 0 0 0 2 0 0 14 0 0 0 11 8 0 13 0 0 0 0 0 13 9 1 0 16 0 10 15 0 0 3 7 5 4 0 8 3 0 0 0 0 0 0 16 1 10 0 0 14 5 0 16 7 0 0 0 0 0 0 14 2 0 0 0 0 2 0 0 0 13 0 0 0 6 0 0 0 16 0 8 9 6 5 0 14 0 0 0 8 0 0 0 11 0 0 0 2 0 0 0 0 7 2 0 0 0 0 0 0 6 9 0 10 1 0 0 10 16 6 0 0 0 0 0 0 5 14 0 8 8 13 11 0 0 14 12 0 2 0 10 16 1 0 0 0 0 0 3 0 12 13 0 0 0 4 0 0 14 0 0 0 0 11 0 12 0 10 0 0 0 0 0 15 7 4 0 0 10 0 0 0 0 11 0 0 0 2 0 14 8 16 0 0 0 0 0 0 8 0 0 0 11 16 12 0 9 0 3 1
7 0 10 0 15 0 0 0 1 5 0 2 0 0 3 0 0 0 5 11 13 0 0 0 0 0 0 8 0 0 0 4 0 0 0 15 0 2 0 0 10 0 16 0 1 0 7 11 8 0 0 0 3 6 0 0 11 15 0 0 0 0 0 0 11 5 6 2 0 12 13 8 0 7 0 0 0 10 0 14 0 0 0 0 16 7 15 0 0 0 0 0 0 3 5 12 9 0 0 0 0 0 14 0 0 0 0 10 13 4 0 0 16 3 0 8 11 0 0 5 0 0 9 0 0 7 6 0 0 11 2 0 0 5 0 0 13 0 0 14 4 0 16 9 0 0 1 9 14 0 0 0 0 11 0 0 0 0 0 13 12 14 7 0 0 0 0 0 0 4 10 5 0 0 0 0 13 0 8 0 0 0 11 0 9 16 1 0 5 15 14 3 0 0 0 0 0 0 16 15 0 0 8 11 0 0 0 1 1 12 0 13 0 9 0 11 0 0 5 0 15 0 0 0 14 0 0 0 12 0 0 0 0 0 0 9 3 5 0 0 0 8 0 0 6 0 5 3 0 0 0 7 0 11 0 2
0 0 0 0 5 0 0 11 0 0 2 0 10 13 0 0 7 0 0 0 15 1 10 0 5 0 0 13 3 6 0 0 15 0 0 0 0 7 4 6 0 16 0 1 0 0 11 0 3 5 14 0 16 0 2 0 0 0 0 6 0 4 0 1 0 15 0 12 0 0 0 0 0 0 0 4 0 5 0 2 0 0 0 13 0 11 0 0 2 0 0 12 6 7 9 4 0 0 7 16 0 2 13 0 14 0 8 0 0 0 0 0 8 0 0 1 0 0 0 0 0 10 0 0 12 0 0 0 0 0 0 3 0 0 1 0 0 0 0 0 8 0 0 11 0 0 0 0 0 8 0 15 0 2 6 0 13 3 0 0 14 6 13 9 2 0 0 4 0 0 12 0 5 0 0 0 4 0 2 0 13 0 0 0 0 0 0 0 14 0 10 0 6 0 5 0 4 0 0 0 0 12 0 2 0 8 15 13 0 16 0 0 11 0 14 0 1 15 3 0 0 0 0 9 0 0 12 4 8 0 0 13 0 7 14 10 0 0 0 3 0 0 10 15 0 3 0 0 13 0 0 9 0 0 0 0
0 7 4 0 0 0 12 6 16 11 0 1 0 14 0 0 0 0 12 10 5 0 0 0 8 0 0 14 0 0 0 0 14 3 0 6 0 0 10 13 0 0 0 0 0 0 4 0 13 1 0 9 7 0 3 0 0 0 0 4 5 0 0 12 0 0 2 0 14 12 0 11 10 0 0 5 0 0 0 0 16 0 0 5 0 9 0 3 0 0 11 13 0 0 7 0 0 0 10 4 0 0 6 0 0 15 0 0 13 0 14 1 1 0 0 0 0 5 0 16 0 0 0 0 0 0 0 0 0 0 0 0 0 0 0 0 11 0 3 0 0 0 0 13 8 2 0 16 0 0 14 0 0 12 0 0 7 1 0 0 0 6 0 0 12 1 0 0 9 0 14 0 11 0 0 16 0 0 0 0 15 0 0 7 1 0 8 6 0 4 0 0 15 0 0 3 13 0 0 0 0 6 0 8 14 0 12 5 0 8 0 0 0 0 0 0 14 9 0 0 4 0 6 7 0 0 0 0 8 0 0 4 0 0 0 12 3 15 0 0 0 0 9 0 6 0 5 10 7 1 0 0 0 13 16 0
0 0 0 0 0 0 12 6 0 13 0 0 0 2 0 0 10 0 0 0 0 0 0 0 14 0 15 0 6 0 0 12 0 2 0 6 7 0 0 9 0 0 10 4 15 3 0 5 0 0 4 3 0 1 0 0 2 6 9 5 0 0 16 0 0 0 3 11 0 0 0 0 0 0 0 0 5 0 12 6 9 0 13 15 2 0 0 1 0 3 6 0 10 0 0 0 0 1 7 0 0 8 6 3 0 0 0 0 13 16 0 0 0 0 0 2 10 0 5 0 0 9 1 7 0 0 0 0 0 0 0 0 1 2 11 0 0 7 0 6 8 0 0 0 0 0 1 14 0 0 0 0 9 12 2 0 0 5 11 0 0 0 0 5 0 12 13 0 3 0 0 15 1 7 0 9 4 7 0 16 0 0 0 0 0 0 0 0 2 14 0 0 0 13 0 0 5 4 2 14 0 0 3 0 12 8 0 0 15 0 14 4 11 6 0 0 8 0 0 9 16 0 3 0 6 0 0 1 0 7 0 13 0 0 0 0 0 0 0 10 0 0 10 0 0 0 3 0 7 1 0 0 0 0 0 0
0 8 1 0 0 0 0 0 0 0 0 10 16 0 0 0 0 0 6 0 0 0 11 15 0 0 1 0 0 4 0 0 14 15 0 0 10 0 0 0 16 2 0 0 9 0 0 0 11 0 4 5 7 16 0 1 9 0 0 0 0 14 0 0 13 2 0 0 0 4 0 3 0 6 0 9 0 5 7 0 9 0 16 0 0 0 0 0 3 0 8 0 0 0 10 2 4 0 0 0 6 10 0 5 12 0 15 0 0 0 8 3 12 0 0 10 16 0 0 14 13 0 0 5 0 15 0 0 0 0 3 0 8 0 0 10 6 0 0 14 4 0 0 5 2 14 0 0 0 6 0 11 1 0 7 16 0 0 0 13 8 16 0 0 0 12 0 13 0 0 0 0 0 7 0 6 0 13 7 0 4 0 14 0 11 0 10 0 0 0 15 12 0 0 2 0 0 0 0 7 5 0 9 15 10 16 0 11 0 0 0 16 0 0 1 6 0 0 0 12 0 0 3 9 0 0 13 0 0 3 0 0 2 10 0 0 0 12 0 0 0 0 0 12 11 0 0 0 0 0 0 0 0 2 6 0
0 3 12 4 0 10 0 0 0 0 0 0 13 5 0 0 2 8 0 15 6 0 5 13 7 0 0 0 0 16 12 14 0 0 11 10 14 7 0 4 0 0 5 8 0 6 0 15 14 6 0 5 0 9 16 0 2 0 0 15 0 0 0 0 8 0 0 12 0 16 3 7 6 10 0 13 0 0 9 1 0 11 0 0 9 0 1 5 14 7 0 0 0 0 4 0 0 0 0 7 0 0 6 8 0 0 1 0 11 0 15 0 6 0 0 0 0 15 2 10 3 5 0 0 0 8 0 12 10 0 7 0 0 0 15 6 16 13 12 0 0 0 0 5 0 13 0 11 0 5 0 0 8 4 0 0 15 0 0 0 0 14 0 0 0 0 13 16 10 15 0 11 0 0 8 0 1 15 0 0 12 0 11 3 5 9 14 0 2 0 0 16 0 0 0 0 5 0 0 9 0 2 10 0 16 0 7 13 4 0 9 0 16 8 0 0 15 0 13 5 1 12 0 0 11 10 2 0 0 0 0 12 1 6 0 14 4 0 5 8 0 0 3 6 0 0 0 0 0 0 7 0 10 9 14 0
0 14 5 7 4 0 0 0 10 0 0 0 0 1 8 11 1 0 10 4 0 11 6 0 0 0 8 16 0 0 0 0 0 0 0 13 5 0 0 0 0 3 0 6 0 7 0 4 0 0 0 0 0 0 10 0 4 11 0 15 0 0 0 0 0 0 11 0 0 0 12 4 0 9 0 0 0 0 16 13 0 7 6 10 0 0 11 0 0 0 14 1 0 8 0 0 13 15 0 0 0 0 8 0 0 0 12 0 1 0 0 0 5 4 0 0 1 13 0 16 0 0 3 11 7 0 0 10 9 0 0 1 6 16 0 0 8 0 10 7 0 0 4 5 0 0 0 8 0 1 0 0 0 4 0 0 0 0 10 7 0 0 7 0 9 4 0 0 0 1 0 0 8 12 13 0 16 2 0 0 0 0 5 0 12 14 0 0 0 9 0 0 0 0 0 0 12 0 4 11 0 10 0 0 0 0 0 0 3 0 1 0 16 0 9 0 0 0 0 12 2 0 0 0 0 0 0 0 3 2 0 0 0 7 5 0 11 14 0 16 6 16 9 0 0 0 0 5 0 0 0 3 12 4 1 0
4 0 8 9 0 5 2 0 11 13 0 0 0 12 0 10 0 5 0 0 0 10 0 0 0 8 0 0 0 7 0 0 12 0 15 0 7 0 0 0 0 0 0 0 9 0 6 0 0 16 0 0 9 0 14 0 0 6 2 0 0 0 1 0 5 1 0 0 14 0 0 4 0 16 0 11 15 0 0 0 0 0 2 7 11 6 0 0 0 0 0 0 5 9 0 12 0 10 0 0 0 0 12 5 0 0 8 0 1 0 3 0 16 14 0 0 3 0 0 0 0 0 0 13 2 0 10 0 0 6 0 2 5 0 0 0 0 0 0 15 0 0 12 8 0 4 0 5 0 3 0 0 16 2 0 0 0 0 7 0 15 0 16 12 0 0 0 0 0 0 14 1 13 4 0 0 0 0 0 13 15 0 1 0 4 0 0 5 0 0 14 2 0 15 0 0 0 9 5 0 0 7 0 3 0 0 8 0 0 7 0 16 0 0 0 0 0 0 0 14 0 3 0 13 0 0 13 0 0 0 3 0 0 0 6 0 0 0 11 0 3 0 1 0 0 0 10 2 0 15 4 0 7 5 0 6
4 0 1 9 6 0 14 0 0 0 7 0 0 0 2 0 15 0 6 13 12 11 0 7 0 10 0 1 16 0 5 8 0 7 0 0 0 8 5 0 13 9 0 0 0 0 4 0 12 0 5 0 13 0 0 0 0 0 2 0 15 0 0 0 16 0 14 11 7 1 0 13 0 0 0 3 8 0 12 0 0 0 0 0 8 4 0 10 6 0 0 0 0 0 1 0 0 0 8 0 0 16 11 0 0 0 0 0 2 0 9 4 0 0 7 6 14 0 0 0 0 0 9 13 0 11 0 0 0 0 2 0 1 3 0 0 0 0 0 11 5 10 0 0 6 8 0 3 0 0 0 0 0 2 10 0 0 16 0 0 0 11 0 0 0 0 0 14 4 0 3 5 0 0 0 0 0 1 0 5 15 0 0 0 14 0 8 12 6 2 0 11 0 0 0 1 0 13 0 0 0 0 0 2 0 12 0 16 0 13 0 0 0 0 6 16 0 8 1 0 0 0 10 0 3 6 0 2 10 0 8 0 12 0 5 9 1 4 0 7 0 12 0 0 0 2 0 0 0 4 0 7 3 6 0 5
0 11 14 5 0 0 10 0 0 0 0 16 3 6 0 0 0 0 0 13 0 16 3 5 0 11 0 2 0 0 0 0 0 8 0 16 0 15 0 2 5 3 0 0 0 7 0 0 1 6 0 2 0 11 4 0 7 0 0 0 0 0 0 10 10 7 4 0 0 6 0 0 0 0 0 0 0 14 1 0 0 0 11 0 5 0 0 0 6 9 0 0 0 0 0 0 0 0 0 14 0 0 0 1 0 0 0 0 11 16 2 0 16 3 0 15 11 4 0 8 10 0 0 0 6 0 0 0 0 0 0 7 0 0 0 9 14 0 11 4 10 0 12 5 0 10 13 8 0 0 0 0 1 0 0 0 14 0 0 0 0 0 0 0 0 0 8 10 0 0 0 13 0 9 0 0 0 12 5 0 0 0 0 0 0 0 3 0 0 13 7 8 8 0 0 0 0 0 0 15 0 4 16 0 12 0 3 6 0 0 16 0 0 0 14 3 2 0 15 0 9 0 5 0 0 0 0 0 16 0 5 0 9 6 10 0 1 0 0 0 0 0 1 6 4 0 0 0 0 12 0 0 8 11 10 0
8 9 0 0 0 0 6 0 0 16 1 0 0 0 13 0 14 0 0 0 7 0 0 3 0 2 0 0 15 6 0 0 13 0 16 0 0 0 0 11 7 0 0 12 0 9 1 0 0 0 2 1 16 10 15 0 9 0 0 6 0 0 12 3 0 5 0 0 1 3 0 7 0 0 0 0 0 0 0 0 0 14 12 0 0 6 16 0 0 5 0 10 0 3 0 0 0 0 10 6 0 0 0 4 3 0 9 0 8 7 0 14 0 8 0 0 10 0 0 0 0 0 0 16 0 0 6 0 0 10 0 0 15 0 0 0 0 0 0 3 0 0 9 0 2 0 13 15 0 8 0 12 11 0 0 0 16 4 0 0 0 0 9 0 4 0 1 0 0 14 2 0 0 5 10 0 0 0 0 0 0 0 0 0 12 0 13 8 0 0 11 0 10 4 0 0 11 0 0 15 0 9 16 14 5 8 0 0 0 13 14 0 8 0 0 10 2 0 0 0 0 15 0 11 0 0 8 16 0 0 4 0 5 0 0 11 0 0 0 12 0 11 0 0 0 16 14 0 0 12 0 0 0 0 4 2
0 0 7 0 0 10 0 0 0 0 0 16 0 0 0 0 0 0 0 8 7 0 15 11 0 0 0 6 0 3 0 0 0 0 9 6 1 0 0 0 0 0 0 0 0 16 8 2 0 0 0 0 0 9 0 0 8 4 7 3 14 6 10 0 0 0 13 11 2 14 1 0 0 0 0 0 0 0 9 0 0 0 0 0 0 0 6 3 1 9 0 5 0 0 0 10 15 0 0 0 0 0 0 0 12 3 0 0 0 0 11 14 14 10 1 0 13 5 0 9 7 0 0 4 0 0 2 0 0 6 0 0 14 0 0 7 11 0 3 8 0 10 4 9 7 14 0 0 0 0 5 10 0 0 0 0 0 0 0 16 12 0 0 0 9 0 3 15 4 10 0 0 0 0 0 0 0 13 0 0 0 0 0 0 0 7 16 9 1 11 0 0 0 2 6 4 12 15 13 16 0 0 8 0 0 0 0 0 1 15 12 0 0 0 0 0 0 0 0 11 16 2 0 0 0 0 3 0 4 0 0 0 14 16 0 7 10 0 0 0 0 0 0 0 6 0 0 0 0 0 1 0 0 13 0 0
16 0 0 0 0 0 0 4 0 13 0 0 0 15 3 12 0 0 8 0 6 14 0 5 11 4 9 0 0 13 0 2 13 9 0 0 0 0 0 0 0 0 6 1 8 4 0 0 0 0 0 0 13 1 0 0 0 5 8 0 0 0 9 14 5 6 0 8 0 3 12 10 14 0 0 13 0 0 0 0 12 13 0 0 0 2 0 6 0 7 15 4 0 11 0 0 0 0 1 0 0 0 0 0 0 0 3 0 0 0 0 13 7 0 4 0 0 0 9 0 0 0 16 11 2 3 0 1 15 0 10 9 7 5 0 0 0 16 0 0 0 8 0 3 2 0 0 0 0 4 0 0 0 0 0 0 0 9 0 0 0 0 6 0 3 10 8 0 9 0 5 0 0 0 7 15 0 0 0 0 12 0 0 13 7 15 11 0 16 0 6 4 9 11 0 0 0 12 1 0 0 0 2 15 0 0 0 0 0 0 12 10 16 11 0 0 0 0 0 0 0 0 15 9 6 0 16 0 0 15 5 9 4 0 12 7 0 1 0 0 1 15 7 0 0 0 4 0 10 0 0 0 0 0 0 5
0 8 9 0 0 13 0 0 2 0 0 12 3 0 0 1 0 0 11 1 4 16 0 0 14 0 0 0 0 0 5 0 0 15 12 13 0 0 0 0 0 0 0 3 7 0 4 2 0 0 6 0 0 0 0 15 1 0 0 0 0 12 0 0 9 0 0 4 0 0 14 0 13 6 0 0 0 0 0 8 11 0 8 0 0 10 0 0 15 0 0 0 0 0 0 12 10 0 2 0 0 4 15 0 0 8 0 0 1 0 0 0 0 3 0 15 0 0 9 0 0 7 12 0 0 11 0 16 5 0 7 0 0 15 6 0 0 16 0 0 11 0 8 0 0 0 0 11 0 0 5 0 0 14 1 0 0 10 0 4 2 0 0 0 0 0 0 3 0 0 7 0 0 16 0 6 15 0 0 0 0 0 1 7 0 11 0 0 5 0 0 9 0 0 10 0 0 0 0 2 4 0 0 0 0 1 0 0 1 4 0 9 12 0 0 0 0 0 0 0 8 6 14 0 0 7 0 0 0 0 0 10 0 0 8 14 16 13 0 0 16 0 0 8 9 0 0 1 0 0 15 0 0 5 10 0
0 4 0 5 0 8 2 0 12 7 0 0 0 3 0 0 0 0 13 2 10 0 0 0 4 11 0 0 0 0 0 16 10 0 0 15 0 13 0 0 0 14 0 2 0 11 0 0 8 3 1 0 5 11 4 12 10 0 0 6 0 15 0 0 14 0 15 0 8 0 13 0 6 0 0 4 0 5 0 0 16 12 0 6 0 0 0 0 9 15 0 0 0 0 8 0 0 0 0 0 0 16 12 0 0 0 0 0 0 7 0 14 0 0 4 0 0 9 0 0 13 0 0 0 2 0 6 0 0 1 0 8 0 0 0 11 0 0 15 0 0 4 0 0 11 0 7 0 0 0 0 0 0 1 9 0 0 0 0 0 0 10 0 0 0 0 14 16 0 0 0 0 7 0 15 1 0 0 9 0 1 0 0 8 0 5 0 14 0 16 0 13 0 0 8 0 2 0 0 9 15 16 6 5 0 1 12 3 0 0 6 0 13 0 16 0 0 0 3 0 5 0 0 2 5 0 0 0 0 0 8 15 0 0 0 12 16 10 0 0 0 0 12 0 0 0 5 4 0 8 2 0 15 0 11 0
0 0 0 0 0 0 5 6 0 9 16 0 0 12 0 1 16 0 0 0 0 1 0 7 0 12 0 0 11 0 0 0 0 0 12 7 16 2 0 0 0 6 14 0 3 15 0 0 0 14 1 0 12 0 0 0 0 7 10 3 0 16 0 2 0 1 0 0 15 0 11 0 0 2 0 5 0 0 0 16 0 16 9 15 0 0 0 4 0 11 0 0 6 0 0 14 0 0 0 0 0 0 0 5 16 0 13 14 0 11 0 0 0 0 11 0 6 3 0 0 0 1 7 0 0 5 10 0 0 6 2 0 0 16 4 0 0 0 11 1 0 8 0 0 0 0 5 0 7 6 0 9 12 0 0 0 0 0 0 0 12 0 0 16 0 0 15 0 14 0 0 0 2 9 11 0 4 0 0 0 13 0 8 0 0 5 0 16 0 0 3 0 10 0 6 0 2 9 7 0 0 0 0 15 0 13 16 0 0 0 8 2 0 10 3 0 0 0 12 4 9 6 0 0 0 0 0 11 0 0 14 0 2 0 9 0 0 0 0 10 7 0 13 0 0 12 6 0 8 10 0 0 0 0 0 0
0 14 0 0 15 0 6 0 8 0 0 0 11 0 12 0 0 0 0 0 0 3 0 8 0 0 15 4 0 0 0 9 4 2 1 7 0 0 5 12 0 11 0 0 0 0 0 0 13 15 5 0 0 0 11 4 3 9 14 0 0 7 0 0 0 0 0 12 0 0 14 0 0 7 6 8 0 0 16 4 0 16 0 0 0 13 0 0 0 0 0 1 5 10 6 0 0 1 0 0 4 0 0 16 0 0 9 0 12 0 7 0 0 0 6 0 0 5 9 7 0 0 3 0 0 15 0 0 0 0 8 0 0 15 0 0 6 2 13 0 0 9 0 0 0 10 0 9 0 7 0 0 15 0 0 5 0 0 13 0 0 12 15 1 13 0 0 0 0 0 11 0 0 0 8 0 2 11 0 0 8 4 12 0 0 14 0 0 3 0 0 0 0 0 12 0 0 8 3 2 1 6 0 0 0 13 15 10 0 0 0 0 0 0 15 0 16 8 0 0 4 11 9 2 1 0 0 0 16 11 0 0 4 0 10 0 0 0 0 0 0 8 0 16 0 0 0 9 0 13 0 2 0 0 3 0
0 9 3 0 15 0 0 0 0 14 0 0 0 10 0 0 15 0 0 0 0 5 2 0 0 12 0 0 14 1 9 6 0 0 5 0 12 0 0 11 0 0 0 0 0 7 0 0 10 0 7 0 1 9 0 0 0 15 16 0 5 0 0 4 0 11 0 0 0 0 0 0 14 13 0 15 0 0 6 0 0 0 0 0 0 3 4 0 0 0 0 0 0 12 14 8 8 0 0 0 0 14 6 7 0 0 0 4 0 0 0 5 0 0 0 5 10 0 0 0 0 0 0 12 4 15 2 11 6 7 10 12 16 0 0 0 0 0 0 11 15 0 0 0 2 0 0 0 8 0 0 0 4 6 1 0 0 0 0 9 11 4 13 0 0 0 0 0 0 16 3 0 0 0 0 0 0 8 0 0 4 0 10 5 0 0 0 0 0 0 11 0 13 0 0 8 0 4 9 0 0 0 10 3 0 2 0 1 0 0 6 0 0 0 0 0 2 0 0 1 0 9 0 0 7 12 15 2 0 0 8 0 0 5 4 0 0 0 0 14 0 0 11 0 0 0 7 0 0 0 0 14 0 3 4 0
3 4 0 0 0 0 12 0 0 0 8 0 14 0 0 9 7 0 0 12 0 6 8 0 0 0 3 0 0 1 0 16 0 0 0 0 0 1 14 7 4 0 0 0 0 0 0 6 10 0 0 8 0 0 0 0 0 0 5 6 13 0 4 0 0 12 0 0 0 0 0 0 0 11 14 7 16 15 0 0 0 10 0 0 14 0 0 13 12 16 0 0 6 0 0 2 8 3 0 14 0 0 0 0 15 0 0 0 4 11 1 10 0 0 0 0 0 11 0 1 5 0 9 10 0 0 0 0 0 0 0 0 6 16 0 10 3 0 11 0 0 0 0 0 15 16 7 4 0 0 0 5 0 0 0 0 10 0 2 13 12 0 0 2 0 0 4 15 7 0 0 1 0 0 9 0 0 0 5 10 9 13 7 0 0 0 0 0 0 0 6 0 0 8 0 3 2 5 0 0 0 0 0 0 1 0 0 14 1 0 0 0 0 0 0 9 6 3 15 0 0 0 0 0 2 0 4 0 0 15 0 0 0 8 16 0 12 0 0 11 16 0 0 15 0 12 0 0 0 5 0 0 0 0 3 4
0 0 10 9 16 0 0 0 15 0 4 0 14 0 0 8 12 0 0 0 0 0 6 14 0 0 0 8 0 0 13 5 13 4 0 14 0 7 15 0 11 0 0 5 0 1 2 0 0 2 0 0 0 8 0 13 0 12 0 0 3 0 0 7 7 0 0 0 11 0 0 4 0 8 0 0 2 0 0 0 2 14 3 5 0 9 10 0 0 1 13 11 0 0 0 0 4 0 12 0 0 0 1 2 0 0 16 0 15 0 0 11 0 0 0 6 0 16 0 0 0 0 0 14 0 13 1 0 0 5 16 0 6 0 0 0 0 0 3 0 9 0 0 0 10 0 0 12 0 15 0 0 7 6 0 0 0 8 0 13 0 0 0 0 1 14 11 0 0 10 8 0 5 16 4 12 0 0 0 13 0 0 7 0 4 0 0 16 0 0 0 2 14 0 0 7 0 0 16 0 3 0 15 0 0 0 8 0 0 9 15 0 13 0 0 1 0 2 11 0 7 0 3 16 5 1 0 0 7 0 0 0 10 16 0 0 0 0 0 14 16 0 0 3 0 4 0 15 0 0 0 1 6 5 0 0
0 1 16 0 13 0 5 0 0 0 0 0 10 11 0 0 0 0 0 3 0 0 0 0 6 0 0 16 2 0 0 13 0 0 13 0 0 0 0 0 0 7 0 0 0 14 5 0 14 2 12 0 0 16 0 6 13 0 0 5 8 0 15 0 0 3 0 0 16 11 0 1 0 0 0 9 0 0 0 0 0 0 11 5 0 3 6 8 0 0 4 0 1 2 0 15 16 8 0 0 0 4 0 7 0 11 0 0 0 0 0 10 13 6 4 0 0 0 12 0 0 0 1 0 14 16 0 0 0 0 1 13 0 8 0 0 0 3 0 0 0 10 12 5 10 0 0 0 0 0 15 0 4 0 5 0 0 0 16 7 4 0 3 8 0 5 0 0 12 1 11 0 9 15 0 0 0 0 0 0 1 0 0 0 7 0 10 13 0 0 3 0 0 5 0 15 6 0 0 11 3 0 7 0 0 9 10 4 0 4 9 0 0 0 7 0 0 0 0 0 0 13 0 0 12 0 0 6 9 0 0 15 0 0 0 0 16 0 0 0 0 0 2 7 0 0 0 0 0 16 0 11 0 5 14 0
0 0 0 4 0 16 5 0 11 0 0 0 0 9 0 0 3 10 1 0 9 0 14 0 0 16 0 5 4 15 6 13 0 0 0 0 0 0 12 15 0 0 0 10 5 0 11 0 15 7 0 0 4 6 0 0 0 13 2 0 0 0 0 1 0 0 0 0 15 13 0 0 9 3 0 0 14 2 1 0 0 0 0 13 0 0 0 0 4 0 16 0 0 0 0 9 0 0 4 0 0 0 0 14 10 2 0 11 12 0 0 0 5 2 0 0 0 0 16 0 0 14 0 0 0 3 10 0 0 14 8 0 0 0 15 0 0 4 0 0 0 0 7 16 0 0 0 10 7 0 11 8 6 0 0 0 0 12 0 0 12 0 0 0 0 2 0 16 0 0 0 0 1 0 0 0 0 4 6 1 0 0 13 12 0 0 15 16 0 0 0 0 16 0 0 0 0 15 7 0 0 0 10 12 0 0 4 3 0 3 0 9 16 0 0 0 14 6 0 0 0 0 0 0 13 5 7 2 12 0 10 0 0 1 0 4 0 11 16 15 0 0 15 0 0 0 0 1 0 11 7 0 2 0 0 0
0 10 0 0 0 0 0 7 0 6 11 0 0 0 5 0 2 0 6 0 0 0 0 0 4 7 0 0 11 0 0 0 16 0 7 0 0 0 0 6 0 15 0 0 13 4 0 0 0 0 0 14 0 0 12 4 0 0 0 10 16 15 0 6 0 5 8 0 0 9 0 16 0 0 2 0 14 0 6 0 10 4 0 3 11 14 0 0 0 0 0 6 0 0 0 0 0 6 11 0 0 7 5 0 14 0 0 0 9 10 12 0 0 0 13 0 1 0 6 0 5 0 7 0 0 16 15 2 4 16 10 0 0 12 0 14 0 2 0 9 0 1 0 0 0 3 14 15 0 0 0 1 0 5 4 0 0 6 2 0 0 0 0 0 16 0 0 0 0 0 1 13 7 0 9 12 0 1 0 8 0 2 0 0 6 0 10 0 0 14 11 0 1 0 16 11 9 0 0 0 8 13 0 0 2 0 0 0 0 0 4 10 0 0 13 0 16 0 0 0 0 3 0 5 0 0 0 13 0 0 2 5 0 0 0 0 0 11 0 9 0 9 0 0 0 16 1 0 11 0 0 0 0 0 14 0
1 0 0 15 13 9 0 0 2 0 0 0 0 0 0 0 0 7 0 16 4 0 11 12 3 10 0 0 1 0 13 8 10 0 9 13 8 0 0 1 0 7 16 4 0 0 0 0 0 0 12 0 0 0 10 0 0 0 8 0 0 0 7 0 0 0 16 0 0 0 0 2 15 8 14 5 0 13 0 0 15 4 2 8 16 3 0 0 0 0 0 10 0 0 0 0 0 0 0 0 11 15 0 9 0 0 2 0 0 0 10 16 0 1 0 0 14 4 0 8 0 0 0 13 0 0 0 15 2 0 0 0 12 0 0 0 4 0 15 9 0 0 5 0 13 10 0 0 0 5 0 0 14 0 11 12 0 0 0 0 0 0 0 0 6 0 0 0 0 0 7 16 11 12 2 1 0 0 3 0 1 14 7 16 8 0 0 0 0 4 0 0 0 14 0 0 0 1 0 0 0 2 0 0 0 11 0 0 0 0 0 0 9 10 2 0 11 0 0 8 7 15 0 14 12 2 0 10 0 0 4 15 7 9 0 14 13 0 3 0 0 0 0 0 0 0 0 14 0 0 13 3 10 0 0 9
0 0 8 12 0 0 0 0 0 0 0 16 14 0 0 0 16 6 0 0 0 0 0 0 14 7 0 10 0 0 0 3 9 0 2 0 0 1 14 0 5 0 0 0 0 12 11 0 0 7 0 0 0 16 9 0 13 0 2 0 6 8 15 5 2 8 0 0 0 0 0 0 0 6 0 11 13 0 0 0 0 0 0 6 9 13 0 1 2 3 5 0 0 0 0 14 5 0 10 3 0 14 0 0 0 0 0 1 8 4 0 0 0 0 0 9 0 0 0 0 12 0 13 0 11 0 5 7 6 2 0 16 0 12 0 4 0 0 0 0 5 0 0 0 0 0 15 5 3 0 0 0 0 0 11 0 7 6 0 1 8 0 0 0 0 6 1 9 15 0 14 5 2 0 0 0 0 0 0 14 5 0 7 0 0 0 0 0 0 0 4 10 7 5 9 8 0 4 0 16 0 2 12 0 0 0 1 0 0 15 4 0 0 0 0 5 0 10 3 0 0 7 0 13 3 0 0 0 13 0 2 6 0 0 0 0 0 0 8 16 0 0 0 2 1 0 0 0 0 0 0 0 3 5 0 0
15 8 0 0 0 0 0 0 9 0 0 0 7 16 0 6 0 6 0 0 0 0 8 5 0 12 10 1 0 0 0 2 14 0 10 0 0 6 0 0 3 15 0 16 4 5 0 0 0 2 0 3 0 0 0 0 4 0 0 0 1 0 0 8 1 0 0 9 15 5 0 8 6 0 0 13 14 3 0 0 0 0 0 0 0 11 3 0 0 16 7 0 0 0 8 1 0 5 0 0 0 0 0 0 0 0 3 0 9 11 16 4 4 0 0 0 0 9 0 0 0 0 0 0 13 0 0 0 0 0 0 1 0 0 0 0 0 0 11 0 0 0 0 9 2 12 6 7 0 15 0 0 0 0 0 0 0 0 13 0 11 10 0 0 0 4 16 0 0 7 1 0 0 0 0 0 0 0 14 4 13 0 0 1 12 0 2 6 11 0 0 3 5 0 0 14 0 0 0 12 0 0 0 0 2 0 11 0 0 0 3 10 5 0 11 9 0 0 15 0 0 4 0 7 6 0 0 0 7 16 14 0 5 2 0 0 0 0 3 0 7 0 2 11 0 0 0 4 0 0 0 0 0 0 12 5
5 0 6 0 10 4 11 0 2 0 7 16 3 0 0 0 0 0 0 8 7 0 0 0 0 3 0 0 14 0 16 6 0 0 0 0 0 14 6 0 15 0 0 0 0 13 0 4 0 0 0 0 0 0 3 1 0 6 0 14 5 7 0 0 0 0 14 6 0 12 0 0 13 0 0 0 7 4 0 10 3 0 0 12 0 0 13 2 14 0 0 1 6 16 0 5 0 1 8 0 3 0 0 0 0 4 16 0 12 0 13 0 13 4 2 10 8 0 0 0 5 7 0 3 0 11 0 0 0 0 5 0 16 0 1 14 0 0 0 13 2 8 6 15 0 6 0 4 0 2 12 0 0 0 0 8 0 9 14 0 14 0 7 2 9 0 0 5 12 1 0 0 4 0 0 3 8 0 10 1 0 0 0 7 0 0 11 0 13 12 0 0 0 0 12 16 15 0 2 0 11 5 0 0 0 0 0 0 9 0 1 0 0 0 0 12 0 16 2 0 0 0 0 0 10 2 0 5 0 0 16 0 0 0 0 12 11 0 0 0 0 0 0 7 5 8 0 11 0 13 15 4 0 1 0 12
13 10 0 0 0 0 16 0 0 11 0 0 9 0 0 6 0 9 8 0 11 0 5 0 15 0 2 6 0 1 0 0 0 16 5 0 0 0 9 0 14 3 12 0 0 7 15 11 11 0 0 2 0 0 0 3 8 0 0 7 0 0 0 0 0 7 0 8 9 3 0 0 16 0 0 0 0 0 1 0 14 0 0 0 0 11 0 15 0 0 5 0 16 6 0 0 4 3 0 10 0 5 0 0 0 0 8 9 0 15 0 14 0 5 0 0 0 0 10 0 0 0 7 0 0 0 3 8 16 8 0 0 0 15 0 0 0 4 0 0 0 0 10 0 2 0 7 0 8 14 0 0 0 0 10 0 13 0 16 15 0 0 10 12 0 9 0 0 6 0 14 0 0 0 0 5 0 1 0 0 0 0 0 4 0 0 16 3 7 0 14 0 0 0 0 0 5 0 0 10 1 0 0 0 15 0 0 3 5 13 1 0 0 8 14 6 0 15 0 0 0 12 4 0 0 0 3 0 1 7 0 9 0 14 0 11 0 5 6 0 6 0 0 9 0 0 15 0 0 2 0 0 0 0 7 1
0 8 0 0 3 0 0 9 0 1 0 15 0 5 11 13 11 0 0 0 0 1 0 12 9 0 0 2 10 7 0 0 4 0 10 0 8 6 0 0 0 0 0 0 0 9 0 0 0 0 0 0 4 0 0 0 12 7 10 3 0 0 0 14 0 14 11 0 1 0 0 0 0 0 12 0 0 0 4 15 3 0 6 16 11 0 0 0 1 0 7 13 0 0 14 0 15 0 7 0 14 5 0 0 0 0 9 0 6 0 0 8 0 10 4 1 0 0 0 0 0 0 0 16 12 0 7 0 0 13 0 8 12 0 0 0 0 0 0 0 11 14 15 0 7 0 0 10 0 14 0 0 0 0 13 8 0 6 0 12 0 3 0 0 7 2 0 11 0 0 0 10 13 8 0 9 12 15 0 0 0 10 0 0 0 0 0 9 0 3 16 0 10 0 0 0 16 11 13 8 0 0 0 14 0 0 0 0 0 0 16 0 0 0 0 0 0 0 3 7 0 12 0 6 0 0 8 15 6 0 0 1 2 0 5 0 0 0 0 11 5 9 14 0 10 0 4 0 13 0 0 6 0 0 1 0
0 14 1 0 0 0 10 0 0 0 9 5 3 0 11 0 0 11 0 9 3 0 0 0 0 14 8 15 0 10 0 12 6 0 3 7 14 8 0 15 0 0 0 1 2 0 5 0 0 0 0 8 5 0 16 2 4 13 3 0 0 0 0 0 0 9 0 0 0 4 0 0 0 0 14 16 0 0 0 0 0 0 0 12 2 16 0 13 0 0 10 0 15 0 0 3 2 6 0 0 0 0 12 0 0 5 11 0 16 8 0 14 14 7 0 0 0 0 0 6 0 0 0 0 0 0 13 10 7 13 0 0 0 0 0 0 1 0 0 0 0 0 8 5 8 0 5 6 0 3 7 0 0 10 0 0 0 0 4 15 11 0 0 14 0 13 0 0 8 0 5 6 12 0 0 0 0 0 0 0 15 6 0 0 0 0 7 0 0 0 3 0 0 0 0 0 0 12 4 11 5 16 0 9 13 0 0 0 0 8 0 11 16 0 0 0 12 0 13 10 6 4 0 1 13 0 6 0 9 15 2 0 0 0 0 14 5 0 12 0 0 5 0 4 6 14 0 0 0 3 0 0 0 9 2 0
0 0 10 0 0 0 0 0 0 0 11 4 6 7 0 1 0 0 16 7 0 9 0 0 8 0 10 2 0 0 3 4 0 12 1 0 0 0 3 2 0 0 0 0 9 0 5 0 9 11 0 0 0 0 0 0 0 0 0 0 0 0 0 14 12 0 0 2 0 0 4 0 13 0 3 0 14 0 0 0 0 9 0 5 0 8 11 0 0 2 4 6 0 0 1 0 0 0 0 0 0 6 0 15 7 14 5 0 0 0 0 0 0 0 4 0 5 1 0 0 16 0 0 0 13 11 9 6 14 5 7 16 0 0 0 4 0 0 9 10 0 6 0 0 0 0 0 0 0 13 16 6 5 0 8 0 0 0 0 0 0 13 0 0 7 11 8 0 0 16 15 0 5 0 10 0 0 0 0 15 0 12 0 10 0 13 0 0 1 0 0 16 3 0 0 0 0 0 0 0 0 0 0 0 0 0 4 9 0 7 0 14 0 0 0 0 3 8 0 0 0 1 6 0 5 8 0 0 3 16 0 9 0 0 13 0 2 15 0 0 1 0 11 9 4 15 0 0 0 0 0 0 0 3 0 0
0 0 10 12 0 5 0 0 0 0 8 0 0 0 15 1 0 0 0 8 3 16 9 0 11 4 0 1 5 0 0 0 0 5 0 0 11 14 1 0 0 0 0 0 0 0 9 0 0 1 0 0 0 0 0 0 5 0 0 16 3 13 4 0 0 0 0 16 0 0 6 0 0 12 0 9 0 0 0 14 1 11 3 0 7 13 0 9 0 0 4 14 0 0 16 0 0 0 5 0 0 8 0 2 0 0 0 0 9 7 0 4 9 0 0 14 0 0 0 3 13 0 16 0 0 0 0 11 11 0 0 0 0 3 0 14 16 0 0 0 13 0 0 6 3 0 8 9 0 0 0 0 15 0 13 0 0 2 0 0 0 16 0 0 8 4 0 0 3 0 14 12 0 9 1 10 4 0 0 0 9 0 15 0 0 6 0 0 12 0 0 0 0 3 9 1 4 0 0 16 0 0 0 0 0 0 6 0 0 15 0 0 0 0 0 0 0 7 6 11 0 0 14 0 0 0 0 4 14 0 2 6 0 16 15 13 1 0 0 0 12 2 0 0 0 10 0 0 0 0 1 0 11 4 0 0
0 0 0 7 0 16 0 0 0 11 0 0 0 10 0 6 11 8 0 0 0 0 0 7 6 13 0 0 0 0 15 0 0 5 0 13 0 0 0 3 0 0 12 0 0 8 0 0 1 0 12 0 10 0 15 14 0 4 16 0 0 2 0 13 16 10 0 0 0 0 11 9 0 0 0 0 0 1 0 0 0 0 14 0 5 0 0 0 16 0 1 0 0 15 6 10 0 0 0 0 0 1 2 0 7 9 0 0 0 13 0 0 13 0 5 11 0 0 0 0 0 12 0 0 4 0 16 7 10 11 0 6 0 0 4 0 0 0 0 0 14 3 0 1 0 0 3 0 0 0 1 10 0 2 15 0 0 0 0 0 8 7 4 0 0 14 0 2 0 0 0 3 0 6 0 0 0 0 9 0 0 0 0 0 11 6 0 0 0 0 5 4 3 0 1 0 0 2 7 0 13 5 0 9 0 16 0 12 0 0 2 0 0 12 0 0 4 0 0 0 3 0 13 0 0 14 0 0 0 0 6 8 3 0 0 0 0 0 1 15 5 0 16 0 0 0 3 0 0 0 14 0 7 0 0 0
3 11 2 0 8 1 0 4 7 0 0 0 0 5 0 0 0 0 14 12 0 9 0 0 0 5 0 0 0 0 0 0 0 0 0 5 0 0 0 0 11 0 3 0 2 1 13 0 0 0 0 0 0 0 7 0 10 0 13 6 14 0 0 12 0 0 0 0 0 5 8 0 0 10 6 3 0 0 9 0 0 0 3 0 0 0 2 0 0 0 14 12 1 6 10 0 9 0 0 0 0 0 13 12 2 0 0 11 15 7 0 0 0 1 0 6 10 7 14 0 0 0 0 4 0 16 11 13 14 15 8 0 6 0 0 0 0 9 2 7 5 0 12 0 0 0 16 2 15 0 0 5 14 12 0 0 0 0 0 1 0 6 10 9 1 3 0 0 0 11 0 0 0 15 0 0 0 4 0 0 2 12 9 0 0 6 1 0 0 0 0 0 6 0 0 14 16 10 0 13 0 8 0 0 0 0 0 0 0 3 11 16 0 2 0 8 0 0 0 0 10 0 0 0 0 0 0 0 0 0 12 0 0 0 5 0 4 13 0 0 0 0 13 0 0 0 0 11 6 0 9 1 0 3 8 2
0 14 13 0 16 2 0 0 9 0 0 0 0 1 10 0 0 0 10 0 0 7 6 0 0 0 13 0 0 0 9 12 2 7 0 0 9 0 0 1 8 0 0 12 6 0 0 0 0 0 0 0 10 0 0 5 0 3 7 0 2 0 0 0 0 0 0 14 0 12 0 0 3 0 0 8 11 7 0 0 5 0 4 0 1 0 2 0 0 0 0 11 0 0 8 0 9 11 16 3 13 0 0 7 0 0 15 0 0 14 0 0 7 15 0 0 0 0 0 3 0 13 12 0 1 0 6 16 8 4 0 15 0 11 14 0 6 0 0 0 0 0 2 3 0 0 5 0 0 4 0 0 13 0 0 14 15 6 16 11 0 10 0 0 3 0 0 0 0 9 0 15 0 4 0 5 0 0 11 16 15 0 0 6 0 0 10 0 14 0 0 0 0 0 0 11 0 16 13 0 15 0 0 7 0 0 0 0 0 0 0 10 4 0 0 2 11 0 0 16 0 0 1 14 14 3 0 0 0 10 0 0 0 5 9 0 0 2 0 0 0 8 2 0 0 0 0 14 0 0 3 4 0 9 11 0
12 0 9 0 2 0 0 0 6 3 7 0 4 5 0 13 0 14 5 0 0 4 12 10 11 0 0 0 0 0 0 0 0 0 3 0 0 15 5 0 0 0 0 13 6 0 1 0 10 0 0 6 0 9 0 0 0 12 14 0 0 0 0 2 0 0 0 0 0 0 16 0 0 2 0 9 12 0 13 0 0 0 0 12 0 0 0 5 0 0 8 0 0 0 15 14 0 0 0 0 0 0 14 11 0 16 13 0 7 6 8 9 0 0 13 0 0 0 0 12 14 0 0 0 2 0 0 0 0 0 0 1 0 0 0 3 12 0 0 0 0 4 0 0 16 3 7 8 0 2 13 0 15 9 0 0 0 0 0 0 15 10 0 0 0 11 0 0 2 0 0 0 3 0 0 0 0 11 0 14 10 0 8 0 0 7 0 0 0 0 0 0 2 0 0 0 0 8 4 0 0 0 16 0 9 0 0 6 0 9 0 15 7 0 0 0 0 6 3 0 0 2 0 0 0 0 0 0 0 0 0 2 4 13 1 0 0 8 11 0 6 0 8 7 0 5 1 16 0 0 0 2 0 15 0 4
0 0 0 11 7 0 0 15 0 4 12 0 0 0 0 5 0 0 1 10 0 0 0 12 0 6 13 0 9 14 0 0 0 0 13 16 0 2 4 0 0 0 10 0 0 0 1 0 0 0 5 0 0 0 0 0 0 0 0 1 0 0 0 15 9 0 0 14 15 16 0 1 0 13 7 8 0 2 0 0 10 0 8 13 0 9 0 0 0 5 0 0 0 0 11 7 0 2 12 0 0 13 6 0 0 0 0 0 5 0 16 14 0 11 0 0 0 0 3 0 6 0 0 12 15 13 9 0 0 9 11 4 16 0 0 2 0 14 0 0 0 0 3 0 7 8 0 2 0 0 0 0 0 10 5 0 0 15 6 0 13 1 0 0 0 0 7 0 0 0 3 0 14 16 0 4 0 0 6 0 12 5 9 0 1 0 4 7 2 0 0 13 2 0 0 0 9 0 0 0 0 0 0 0 0 4 0 0 0 4 0 0 0 3 0 0 0 1 9 0 7 10 0 0 0 0 15 6 0 14 1 0 13 0 0 0 3 9 0 0 12 0 0 0 0 8 11 0 4 0 0 2 13 0 0 0
0 15 0 11 14 0 0 0 0 0 0 0 4 0 2 0 0 3 0 0 0 6 0 0 0 10 16 11 13 0 0 0 0 0 0 2 0 0 0 0 0 4 5 0 0 10 0 16 13 0 0 16 4 1 0 5 0 0 0 0 15 7 0 12 0 0 3 6 0 7 0 2 0 0 0 5 0 9 0 1 0 14 10 1 13 4 0 8 0 0 0 0 0 0 0 11 11 0 0 0 10 0 0 0 0 0 7 1 0 0 0 0 5 0 0 8 0 15 14 0 0 9 3 13 16 2 10 0 0 2 4 9 7 5 13 0 0 12 6 0 10 0 0 15 0 0 0 0 8 16 0 0 0 0 0 10 0 0 0 7 10 0 0 0 0 0 0 0 1 0 13 3 2 4 9 0 12 0 6 0 9 0 0 0 7 0 2 0 1 3 0 0 14 0 11 15 0 0 0 0 10 0 1 9 12 0 0 13 9 0 2 0 0 12 4 0 0 0 0 0 3 0 0 0 0 0 0 13 6 14 1 0 0 0 15 0 0 0 7 0 0 12 0 7 0 0 0 0 0 0 0 4 5 0 14 0
12 7 0 0 0 0 10 9 0 0 0 0 0 16 11 0 0 5 0 0 0 11 0 0 0 15 12 0 0 0 13 0 4 0 0 0 7 0 0 1 0 0 6 14 0 0 0 2 14 0 0 0 0 16 15 0 11 0 0 7 0 0 0 4 1 3 0 6 0 0 5 0 16 0 0 0 11 10 0 13 9 0 0 0 0 0 6 0 0 0 0 0 3 1 0 0 0 0 0 0 11 0 0 0 7 1 0 0 5 0 12 16 5 0 12 2 0 10 0 0 0 8 0 0 15 14 0 0 0 0 10 7 0 0 9 0 0 0 14 0 2 11 0 12 6 13 0 9 0 0 4 11 0 0 0 16 0 0 0 0 0 0 3 4 0 0 0 0 0 10 0 0 0 0 0 14 2 0 15 11 0 0 0 8 0 13 0 0 1 0 10 9 11 0 0 0 14 0 0 7 0 6 5 0 0 0 0 10 15 0 0 0 9 3 0 0 2 0 0 8 0 0 0 7 0 6 0 0 0 13 2 0 0 0 9 0 0 0 14 0 0 8 13 0 0 0 0 0 4 3 0 0 0 0 9 15
15 0 14 0 7 3 12 0 0 9 0 10 0 4 2 1 0 0 0 0 4 0 0 5 14 3 0 2 0 10 0 0 0 1 2 0 0 10 0 0 0 4 13 11 0 0 7 0 0 10 0 4 0 0 0 0 0 0 0 0 0 12 9 13 0 15 0 0 8 0 0 0 0 6 0 0 10 0 5 0 6 0 0 1 10 0 0 12 0 0 0 0 0 2 15 0 10 8 0 0 0 7 14 0 0 0 16 12 0 1 0 0 0 0 0 12 0 1 15 13 10 0 0 7 9 0 0 16 1 0 0 6 9 0 0 14 16 12 2 0 11 0 0 0 0 0 11 0 2 12 0 0 0 8 15 0 0 0 10 14 0 14 12 0 0 0 0 0 4 0 0 9 2 0 0 6 0 2 0 7 0 0 3 0 0 0 0 1 0 0 8 0 9 6 1 0 0 0 0 0 0 0 0 0 8 0 16 0 0 5 0 0 16 9 6 0 0 0 10 0 0 14 12 0 0 0 4 0 1 0 2 15 6 0 0 16 0 0 0 0 8 12 13 0 3 0 7 0 0 2 9 5 0 15 0 10
8 0 0 7 13 1 0 5 0 0 0 0 14 0 0 0 0 15 16 0 0 3 4 8 7 0 0 0 11 0 13 9 0 0 10 3 6 12 16 0 5 0 0 13 7 0 8 0 14 6 9 0 0 0 0 0 12 0 0 0 0 0 0 0 4 1 0 16 0 9 13 0 3 0 0 0 0 0 7 0 12 3 0 0 0 0 0 6 0 0 2 0 0 9 0 13 0 14 0 0 8 16 0 12 9 13 0 6 4 0 0 11 0 0 0 6 2 0 0 0 0 0 11 0 15 0 0 0 0 0 0 9 0 8 0 0 0 0 0 7 2 0 0 0 7 0 0 8 12 0 11 2 6 0 13 9 0 0 4 0 5 0 1 0 0 6 0 0 14 0 0 0 0 0 9 16 0 11 0 0 0 0 0 7 0 16 5 0 8 0 1 6 0 0 0 0 0 0 0 4 0 0 0 0 0 8 3 15 0 8 0 11 1 0 0 3 0 10 16 15 6 5 0 0 3 5 0 2 0 0 0 10 13 6 9 0 0 16 11 0 0 0 0 12 0 0 0 0 2 0 1 3 9 0 0 4
0 0 6 0 0 7 0 0 3 0 0 0 0 9 5 14 0 0 5 13 12 0 0 8 0 0 7 0 1 10 0 0 0 3 10 7 6 14 0 0 0 15 11 1 0 0 0 2 0 1 0 0 0 0 13 0 0 6 0 0 0 11 0 3 0 0 13 0 3 0 6 16 0 1 15 0 7 0 9 0 15 12 0 0 0 0 0 0 6 0 0 3 0 0 1 13 0 0 0 0 11 0 0 9 0 0 0 12 0 2 0 0 0 0 11 3 0 0 10 7 9 0 8 0 6 0 0 12 2 0 0 16 0 8 0 13 4 12 0 0 3 6 0 0 0 0 15 0 4 0 0 0 1 0 0 10 0 0 0 0 11 14 0 0 5 0 0 3 0 0 0 0 0 0 10 16 0 13 0 6 0 15 12 0 7 5 0 2 0 4 0 0 14 0 12 0 0 0 4 0 0 9 0 0 0 0 16 0 13 0 0 0 8 3 16 0 0 0 5 11 10 7 6 0 0 0 16 11 0 5 0 0 8 0 0 6 9 1 0 0 1 6 3 0 0 0 0 12 0 0 4 0 0 14 0 0
0 4 15 0 0 16 0 0 0 2 3 0 0 0 0 5 0 7 0 2 10 0 0 0 13 0 0 4 0 0 0 0 13 0 3 0 5 7 2 0 0 6 0 0 0 8 0 0 12 0 6 1 0 0 0 0 0 0 0 5 0 0 14 0 0 0 0 0 0 14 0 0 9 0 2 16 0 1 0 7 3 8 0 0 0 0 0 0 0 5 4 10 0 15 0 12 2 0 0 0 0 11 5 1 0 8 7 13 14 0 0 0 0 10 0 0 7 8 12 0 0 15 0 0 0 6 13 0 0 3 11 0 0 0 16 0 0 13 8 1 0 0 2 0 0 0 0 13 12 5 8 0 2 14 10 0 0 0 0 11 14 0 12 0 11 2 10 0 0 0 0 0 0 0 9 6 4 0 7 0 14 3 0 13 0 0 16 0 0 0 0 0 0 11 0 0 9 0 0 0 0 0 0 0 6 13 0 4 0 0 8 0 0 0 14 0 0 1 15 11 0 10 0 16 0 0 0 0 13 0 0 16 0 0 0 2 1 0 5 0 1 0 0 0 0 15 7 0 0 0 13 0 0 9 11 0
13 0 0 0 0 4 11 0 0 0 0 7 8 15 0 9 0 15 6 5 0 16 3 14 0 8 13 0 7 0 0 0 11 0 8 0 0 13 0 2 15 0 0 0 4 0 0 3 0 16 3 10 7 0 6 0 1 0 0 0 0 13 0 5 2 6 10 4 0 0 8 0 7 0 12 15 0 0 5 14 14 3 15 0 0 0 7 4 0 10 0 2 0 0 8 0 7 8 9 0 0 0 1 10 11 0 0 0 0 0 0 4 0 13 0 0 0 12 0 6 16 0 0 4 10 0 2 0 0 1 0 15 6 0 0 3 14 0 11 0 0 0 13 0 9 0 0 0 0 0 0 1 3 6 0 0 0 14 4 10 0 4 0 0 11 0 13 0 12 5 0 0 0 2 3 6 3 10 0 0 14 8 0 7 0 15 0 0 12 5 9 11 15 0 11 0 0 0 0 9 0 7 0 5 3 8 10 0 8 0 0 9 0 0 0 13 10 0 3 0 0 6 0 2 0 0 0 3 0 6 2 0 9 1 15 0 14 16 11 0 6 0 1 13 12 0 0 0 0 16 2 0 0 0 0 15
4 0 0 12 13 0 0 11 15 0 14 6 5 8 3 16 9 0 0 0 0 15 1 5 0 0 0 0 14 0 4 10 0 0 16 0 0 0 3 6 11 0 2 0 0 0 12 15 8 0 0 0 0 0 0 0 10 0 0 0 11 0 2 0 1 0 0 0 0 4 0 3 13 5 0 0 16 0 0 0 0 0 11 14 0 0 0 0 0 0 0 0 0 15 0 0 6 15 13 0 0 0 0 2 4 8 9 0 3 0 14 0 0 5 0 0 0 0 8 0 0 0 0 0 0 12 0 0 0 0 3 0 0 0 0 0 0 10 0 0 0 0 5 0 0 4 0 10 0 11 15 8 7 0 0 0 0 1 9 12 0 0 6 0 0 0 0 0 0 0 0 0 15 14 0 0 0 0 0 8 0 0 4 14 16 0 11 0 0 0 0 2 0 12 0 1 0 0 0 4 0 0 0 0 0 0 0 3 11 2 0 0 0 7 0 9 5 13 0 0 0 10 0 0 15 13 0 3 0 0 0 0 6 4 12 0 0 0 0 14 5 6 14 7 8 10 0 16 2 0 0 11 13 0 0 1
0 10 0 0 0 12 13 0 1 0 8 0 3 0 0 0 0 13 12 0 0 4 0 10 3 14 0 0 11 2 0 0 0 0 7 15 0 8 14 0 16 6 0 0 0 0 0 10 0 3 1 11 15 0 16 0 0 12 0 0 0 0 8 0 0 0 0 0 0 9 0 0 13 0 0 0 0 3 6 15 0 0 0 0 0 11 0 12 0 0 1 0 0 0 13 5 5 7 0 1 0 0 3 6 14 0 0 8 10 12 11 0 0 9 0 0 0 16 0 0 5 0 0 3 1 0 0 0 0 0 0 13 2 0 0 14 0 0 12 0 0 0 4 0 0 11 10 2 4 0 0 8 15 5 0 0 6 0 14 9 6 15 0 0 0 1 0 0 8 0 13 0 0 0 0 0 1 12 4 0 0 0 0 3 0 0 2 0 0 0 0 0 0 1 0 0 0 0 2 0 0 10 0 15 16 6 3 0 12 0 0 0 0 0 11 4 0 8 7 0 13 15 0 0 0 0 6 10 0 0 7 15 2 0 14 0 0 4 9 0 0 0 0 8 0 10 0 9 0 13 11 0 0 0 2 0
0 0 0 0 2 13 8 0 0 0 16 0 12 0 14 0 1 15 8 0 12 0 6 0 0 0 13 0 3 0 0 0 0 0 6 0 0 5 0 0 0 11 0 10 1 2 0 13 0 0 0 0 7 0 0 1 2 0 0 0 0 0 4 11 2 0 0 0 9 0 0 11 0 5 0 16 0 0 0 0 0 0 12 15 5 0 1 13 0 0 0 0 0 3 2 0 0 0 5 0 0 3 0 0 0 0 2 0 8 0 12 16 0 8 10 9 0 0 0 0 0 7 0 11 0 0 1 0 0 1 0 0 8 0 10 0 0 0 0 0 15 4 3 0 12 2 0 14 0 9 0 0 0 0 1 0 0 7 0 0 0 10 4 0 0 0 0 0 8 2 0 14 9 11 0 0 0 0 0 0 15 0 12 0 6 0 0 13 0 0 0 2 15 16 0 0 0 0 0 6 5 0 0 3 0 0 0 0 10 0 2 5 11 0 9 0 0 0 14 0 0 12 0 0 0 0 0 13 0 12 0 0 0 4 0 2 0 10 7 9 0 11 0 3 0 1 0 0 0 15 9 7 0 0 0 0
7 8 9 0 2 4 0 5 0 10 0 0 0 0 0 0 0 0 6 2 10 14 0 0 0 12 0 0 0 0 13 0 0 4 1 0 15 0 0 0 5 0 11 0 14 0 0 0 0 10 0 0 0 11 3 8 9 0 2 16 0 0 0 0 0 7 4 13 0 2 11 0 0 0 0 12 0 0 0 1 0 3 14 8 0 7 0 6 13 0 0 0 0 5 12 0 10 15 0 0 0 16 0 4 14 0 7 0 0 0 0 0 12 0 0 5 0 13 14 0 0 0 0 0 4 8 6 0 0 9 3 16 0 0 0 0 0 7 14 0 13 0 0 5 0 0 0 0 0 3 0 14 1 0 5 0 0 0 10 6 0 14 15 0 0 0 0 9 11 0 10 0 12 16 4 0 2 0 0 0 12 0 0 0 0 6 3 0 1 9 11 0 0 0 0 0 14 1 0 15 10 8 16 0 0 0 9 0 0 0 0 9 0 6 0 16 0 0 0 14 0 11 1 0 0 13 0 0 0 0 5 0 0 0 12 1 8 2 0 0 0 0 0 0 0 0 2 0 15 0 9 3 0 6 5 16
0 6 16 0 0 3 0 14 0 0 0 8 2 10 0 0 0 7 0 0 10 0 0 12 4 9 5 0 8 0 0 16 9 0 0 13 0 16 0 0 15 0 3 6 0 0 11 0 0 0 12 3 0 0 0 4 1 0 0 11 15 7 0 0 6 0 0 16 14 1 0 0 0 5 0 3 9 4 0 0 0 3 0 0 0 0 12 0 0 11 6 0 5 0 0 13 0 15 0 0 0 0 3 0 0 0 2 0 0 0 14 1 14 0 0 0 0 4 0 0 0 0 15 0 0 0 0 12 10 0 0 0 0 13 0 0 0 0 7 0 0 0 0 15 2 4 0 0 0 10 0 0 0 13 0 0 0 0 9 0 13 0 0 8 0 7 4 0 0 15 0 0 0 0 12 0 0 0 7 11 6 0 15 0 0 0 14 10 13 0 0 3 0 0 15 9 4 0 0 5 6 0 0 0 16 13 0 0 0 8 0 0 13 14 0 3 0 0 4 0 12 0 0 7 12 0 0 2 0 15 8 10 13 0 0 14 0 0 1 0 0 0 5 7 1 0 0 0 8 0 9 0 0 2 4 0
7 0 8 0 0 0 0 0 0 0 0 11 9 5 15 6 0 0 3 1 0 6 0 5 15 0 0 0 0 0 0 13 0 0 0 0 0 0 0 0 0 14 0 0 0 0 0 0 0 0 0 11 0 0 3 12 0 0 6 0 0 16 0 10 2 0 16 0 3 7 15 0 0 0 8 0 5 1 0 0 0 0 0 0 0 0 0 14 0 2 16 3 0 15 6 0 12 9 0 0 8 0 0 0 5 4 15 1 10 0 7 0 0 3 1 0 0 12 5 0 7 0 11 0 13 0 0 0 0 0 0 2 0 5 0 6 0 8 7 0 0 11 3 0 0 7 0 3 2 10 8 16 0 0 0 9 0 0 5 1 0 8 13 0 12 9 1 0 6 0 0 0 0 0 0 0 0 0 6 9 0 3 0 0 0 12 2 14 0 13 0 8 3 0 14 0 0 13 0 0 9 7 0 0 1 0 0 0 0 0 0 0 0 0 7 0 0 0 0 0 0 0 0 0 9 0 0 0 0 0 0 8 10 0 13 0 6 14 0 0 1 6 7 12 14 0 0 0 0 0 0 0 0 10 0 15
4 0 13 5 0 0 0 0 0 9 0 2 8 0 0 0 0 15 0 6 0 16 0 7 0 0 1 0 0 0 0 9 7 0 8 0 5 0 0 1 15 0 6 0 0 0 0 0 0 14 0 0 2 3 4 0 8 16 0 0 0 11 5 6 0 5 0 0 0 0 12 14 16 0 0 0 9 15 13 10 15 3 0 13 7 8 0 0 11 0 0 10 0 16 0 0 1 0 0 0 0 4 16 0 12 0 0 0 7 0 11 5 0 0 0 0 0 0 0 9 0 0 0 0 0 0 0 1 3 0 0 0 0 0 0 0 13 0 0 0 0 0 0 0 11 9 0 7 0 0 0 10 0 15 12 0 0 0 0 13 0 0 4 0 11 0 0 13 0 0 10 1 12 0 16 3 13 1 5 16 0 0 0 4 9 6 0 0 0 0 2 0 8 7 14 0 0 0 1 2 0 12 5 3 0 0 9 0 0 0 0 0 0 13 0 8 10 0 0 9 0 3 0 2 10 0 0 0 0 9 0 0 6 0 16 0 15 0 12 0 0 0 0 3 6 0 15 0 0 0 0 0 5 4 0 11
0 0 0 12 0 0 8 16 1 0 3 2 7 0 5 0 0 16 0 0 11 0 0 0 13 12 0 0 0 0 0 2 1 2 8 0 0 3 0 5 0 0 0 0 0 13 16 0 0 0 7 4 0 13 2 0 0 0 16 11 3 0 0 1 0 0 0 0 0 0 14 3 0 0 2 0 11 5 0 0 0 0 0 0 0 0 15 0 0 9 0 0 14 1 0 10 13 0 0 3 16 6 11 0 0 0 0 0 0 12 8 0 14 11 0 15 2 0 0 0 6 0 12 0 0 0 0 3 2 0 0 0 0 8 0 11 0 0 0 10 4 0 1 13 0 6 11 0 0 0 0 0 0 4 13 12 15 0 0 9 5 0 4 14 0 0 3 0 0 6 0 0 0 0 0 0 0 0 1 9 0 14 0 0 2 3 0 0 0 0 0 0 16 0 0 5 3 9 0 0 0 1 7 0 8 2 0 0 0 8 2 0 0 0 0 0 9 0 10 0 0 3 12 16 15 0 0 0 0 0 6 2 0 0 0 14 0 0 9 0 0 3 0 7 5 1 0 8 16 2 0 0 13 0 0 0
0 0 0 15 16 0 0 0 9 0 0 13 0 0 0 8 0 11 9 16 0 0 5 15 0 0 0 0 6 10 0 0 1 0 0 0 10 0 0 6 0 15 2 0 16 12 0 11 0 0 0 0 0 12 0 0 0 0 0 10 0 13 0 1 0 5 0 0 0 0 0 0 7 9 0 0 14 0 2 16 0 0 2 0 14 0 0 0 3 0 15 8 12 1 13 0 14 1 0 9 0 0 15 0 0 2 0 0 8 0 0 6 0 0 8 0 0 9 0 7 14 0 16 1 15 0 3 0 0 16 0 5 7 6 0 9 13 0 8 0 0 14 0 0 11 0 0 6 0 0 13 0 0 14 0 0 4 0 16 2 0 8 14 13 5 10 0 4 0 0 0 16 0 6 0 0 9 2 0 10 0 0 1 16 0 0 0 0 0 0 5 0 7 0 5 0 9 0 0 0 0 0 11 0 0 0 0 0 13 0 10 14 0 11 7 0 16 0 0 12 0 0 0 4 0 0 11 8 0 0 0 0 15 4 0 0 2 16 7 0 4 0 0 0 6 0 0 13 0 0 0 2 11 0 0 0
0 0 7 11 8 0 0 0 0 13 0 14 0 0 2 0 0 0 12 16 11 3 0 0 0 10 0 0 0 0 0 6 15 3 0 5 7 0 2 0 9 0 0 6 14 0 11 0 0 0 0 0 4 0 0 13 0 7 15 0 10 0 0 0 14 0 11 0 0 0 10 0 0 0 7 13 15 4 0 0 16 0 9 0 0 0 0 0 0 15 4 0 0 2 5 0 0 0 0 0 1 4 0 5 0 9 0 0 0 8 0 7 0 0 0 0 16 13 0 0 0 11 0 0 0 14 12 0 0 2 10 0 0 0 7 0 0 0 12 3 0 0 0 0 5 0 4 0 0 0 9 0 6 0 11 1 0 0 0 0 0 9 14 0 0 2 5 0 0 0 0 0 0 10 0 8 0 0 13 1 14 12 0 0 0 5 0 0 0 7 0 2 0 0 0 3 0 9 14 0 16 0 0 4 0 0 0 0 0 12 0 9 2 0 0 11 0 8 0 10 16 0 4 14 2 0 0 0 0 0 6 0 0 0 13 7 8 11 0 0 0 13 0 0 5 0 12 0 0 0 0 11 2 6 0 0
0 0 0 0 0 0 0 4 0 16 0 8 0 9 0 10 0 3 2 11 0 6 5 0 0 0 10 0 0 0 0 0 0 16 0 14 0 1 3 8 0 11 0 0 15 7 13 0 6 10 0 0 16 12 11 0 0 0 0 0 0 0 0 0 14 6 0 1 0 0 0 10 7 2 11 0 0 0 0 0 15 0 0 0 0 0 0 0 0 0 0 4 16 0 0 0 0 9 11 0 12 0 8 0 0 15 6 3 4 0 0 0 3 4 0 0 0 0 6 2 9 0 5 0 14 0 15 0 0 11 0 16 0 4 0 3 8 6 0 0 0 0 14 9 0 0 0 10 14 11 15 0 0 3 0 16 0 12 8 0 0 0 0 7 6 0 0 0 0 0 0 0 0 0 0 1 0 0 0 0 0 8 1 9 10 0 0 0 6 0 2 11 0 0 0 0 0 0 0 0 0 14 16 7 0 0 6 5 0 1 7 6 0 0 14 0 5 10 3 0 9 0 11 0 0 0 0 0 0 5 0 0 0 9 12 0 2 10 1 0 13 0 15 0 1 0 2 0 11 0 0 0 0 0 0 0
0 0 0 0 0 2 9 0 0 0 14 8 4 13 0 6 0 0 0 7 0 6 5 10 0 4 0 0 0 0 0 0 0 8 0 0 1 14 0 13 0 0 0 5 15 0 0 0 9 0 0 0 12 0 16 0 2 0 0 6 11 0 7 1 0 12 0 2 5 0 0 0 0 6 0 0 10 16 0 3 0 0 6 9 0 11 0 0 7 0 8 0 2 0 0 5 0 3 13 0 0 0 0 0 14 0 0 0 0 0 8 9 0 7 15 0 0 16 6 0 0 0 0 0 1 0 4 0 0 13 0 14 0 0 0 0 0 8 1 0 0 9 11 0 12 4 0 0 0 0 0 15 0 0 0 0 0 5 1 0 8 0 0 15 0 12 0 11 0 0 13 0 7 6 0 0 16 0 1 11 0 0 10 0 0 0 0 12 8 0 2 0 1 11 0 8 16 0 0 2 0 7 0 14 0 0 0 4 0 0 0 6 8 0 0 0 13 0 5 16 0 0 12 0 0 0 0 0 0 0 3 0 4 15 6 0 14 0 0 0 13 0 14 10 4 5 0 0 0 1 12 0 0 0 0 0
0 14 0 8 12 1 4 0 0 0 6 0 3 11 0 0 10 2 16 0 0 0 0 9 0 0 0 0 13 0 0 6 0 0 0 0 16 0 15 0 5 0 10 0 12 8 0 1 0 15 0 1 13 3 10 0 0 0 0 0 5 0 7 16 0 4 0 0 2 9 0 13 0 11 15 0 0 0 16 0 14 0 0 13 0 0 12 0 0 9 4 0 11 6 0 0 0 0 0 9 14 0 0 8 0 6 0 0 0 4 2 7 0 0 0 7 0 4 0 0 0 0 0 10 0 0 9 0 0 8 0 0 10 0 0 0 0 0 11 0 9 0 0 0 2 6 7 0 0 0 9 0 3 0 0 12 15 0 0 0 0 0 12 15 0 16 3 0 0 2 0 0 10 0 0 14 0 9 0 0 0 12 11 0 13 0 7 5 0 0 8 0 16 1 0 2 0 0 0 0 0 12 9 6 7 0 15 0 3 0 8 11 0 10 0 4 0 16 0 13 0 0 0 0 13 0 0 6 0 0 0 0 10 0 0 0 0 5 3 8 0 0 15 5 0 8 0 0 0 14 3 1 16 0 6 0
4 0 7 0 6 0 0 2 0 10 8 0 0 11 3 0 12 15 14 0 0 3 10 0 0 6 0 0 0 2 0 0 0 10 0 9 14 0 0 11 16 3 0 0 0 0 0 0 0 2 16 0 0 9 0 0 0 0 0 7 0 8 1 14 0 9 0 0 0 0 0 0 0 0 12 1 0 4 15 0 0 0 0 0 10 13 0 6 7 0 0 0 0 0 5 0 0 4 3 2 11 12 0 1 0 0 13 0 0 0 14 0 0 0 0 12 4 0 3 0 0 0 0 5 0 13 0 16 2 0 11 0 13 0 0 0 0 8 0 16 9 0 0 0 0 8 0 0 0 10 0 0 9 0 7 12 16 5 11 0 0 6 0 0 0 0 0 15 11 0 2 10 0 0 0 0 0 12 4 0 8 11 0 0 0 0 0 0 0 0 13 0 6 16 2 0 15 0 0 0 0 0 5 0 0 3 12 0 0 0 0 0 0 0 6 4 10 0 0 15 7 0 8 0 0 0 12 0 0 0 13 0 0 7 6 0 0 15 9 11 0 3 15 0 0 14 11 0 13 0 0 9 0 16 0 5
11 0 0 5 0 0 0 0 4 0 12 6 0 0 0 3 4 12 0 0 0 13 11 0 0 8 0 0 0 5 0 0 15 0 10 16 2 0 0 6 9 0 0 5 0 11 14 12 0 9 0 0 0 0 0 0 10 0 0 15 7 0 16 1 0 0 0 0 11 0 0 9 0 0 14 0 0 0 0 0 13 0 0 0 6 0 8 0 11 0 0 0 0 3 5 4 0 1 0 0 0 0 0 0 3 6 0 0 0 9 8 7 0 0 2 10 0 1 0 0 5 12 15 9 0 0 0 0 0 0 0 0 10 6 3 4 0 0 7 0 11 16 0 0 6 13 15 0 0 0 1 11 0 0 0 0 0 0 7 0 10 4 3 0 0 0 0 7 0 5 0 2 0 0 0 15 0 0 0 0 0 12 0 0 14 0 0 11 0 0 0 0 14 11 0 1 15 0 0 2 0 0 0 0 0 0 13 0 9 6 13 0 4 0 0 10 16 0 0 12 3 14 0 8 0 0 8 0 0 0 14 0 0 15 9 0 0 0 1 2 7 0 0 0 8 16 0 1 0 0 0 0 12 0 0 9
0 0 0 2 1 0 9 12 6 11 0 4 0 16 0 8 11 14 0 0 2 0 16 0 0 1 10 0 6 0 0 12 0 12 0 0 0 0 0 14 3 0 0 15 0 0 2 7 0 1 0 0 0 3 0 11 0 12 0 0 0 5 0 0 0 0 6 0 0 14 0 9 10 0 0 0 1 11 0 0 13 0 0 3 6 0 0 16 0 0 0 0 2 0 0 0 0 0 0 0 15 13 8 0 7 0 14 3 0 0 0 0 0 0 0 4 0 7 10 2 0 0 0 0 0 0 3 9 14 11 0 0 0 0 0 0 1 5 13 0 9 0 0 0 0 0 0 0 7 11 0 6 0 10 3 8 0 0 0 0 0 0 0 12 0 0 0 0 4 0 0 9 3 0 0 11 0 0 8 6 0 0 0 13 11 0 12 0 0 4 0 0 0 0 2 0 0 0 3 0 8 0 15 0 0 0 5 0 9 4 0 0 13 0 0 1 2 0 0 0 0 0 11 0 3 0 0 5 0 2 15 0 0 4 0 11 0 0 16 6 8 0 13 0 5 0 11 4 16 9 0 12 15 0 0 0
11 8 0 0 6 9 0 0 0 16 0 13 0 0 0 3 0 0 4 0 1 10 0 0 7 12 0 11 16 0 0 15 16 0 13 0 0 2 0 0 0 1 10 0 0 0 0 0 0 15 1 6 0 0 16 0 14 0 0 4 13 0 0 0 0 10 0 13 0 0 7 0 6 3 0 0 15 11 0 0 0 0 12 7 0 0 0 0 0 0 8 0 0 1 5 0 3 0 11 1 0 0 0 0 2 0 0 0 9 0 0 0 0 0 0 0 0 0 0 0 12 0 4 1 0 2 3 6 7 9 3 0 13 12 0 5 0 0 0 0 0 0 0 0 0 0 0 2 0 0 0 4 0 0 0 0 12 5 0 1 0 12 6 0 0 8 0 0 0 0 0 0 14 9 0 0 0 0 8 10 0 0 14 2 0 9 0 0 3 0 7 0 0 0 0 16 12 0 0 8 0 4 0 0 2 13 6 0 0 0 0 0 0 11 5 0 0 0 13 0 0 3 0 8 4 0 0 11 9 0 1 15 0 0 5 8 0 12 0 0 8 0 0 0 4 0 6 0 0 0 9 2 0 0 14 5
0 0 0 0 0 0 16 0 1 9 10 0 0 0 13 0 7 0 0 10 2 13 8 9 0 0 0 4 0 12 1 0 0 0 4 1 0 0 0 0 3 0 12 0 10 0 0 15 0 0 0 12 0 0 0 0 0 15 5 0 2 3 8 0 0 0 0 0 9 10 15 0 12 2 1 3 0 11 0 0 15 10 11 0 0 0 0 0 0 0 0 0 0 0 0 0 0 0 0 4 0 0 14 1 0 0 0 16 0 0 0 8 3 0 7 0 0 0 13 0 10 14 0 11 0 0 2 6 4 2 0 0 13 0 11 5 0 10 0 0 0 8 0 12 11 0 0 0 8 0 0 0 4 1 0 0 13 0 0 0 0 0 0 0 0 0 0 0 0 0 0 0 0 4 6 10 0 0 13 0 4 9 7 15 0 16 2 12 0 0 0 0 0 8 2 9 0 15 6 0 0 0 0 0 5 0 0 0 6 0 0 7 0 3 0 12 0 0 0 0 8 2 0 0 0 4 14 0 11 0 0 0 7 5 3 6 1 0 0 13 0 3 0 0 0 14 9 7 0 13 0 0 0 0 0 0
0 11 0 13 0 0 9 0 0 0 0 4 0 1 0 0 1 4 9 0 14 0 2 0 13 0 0 0 3 0 15 12 5 0 2 0 4 0 12 0 7 0 0 0 10 0 14 11 0 16 0 3 0 8 0 10 15 0 0 0 0 13 0 0 11 0 0 0 0 0 8 0 1 2 0 0 0 3 0 0 0 9 16 0 15 0 0 11 5 0 0 0 2 0 0 0 0 0 0 10 2 0 0 5 14 0 16 3 0 0 0 9 3 1 5 0 9 16 13 0 11 0 4 8 15 0 0 0 0 0 0 16 11 13 0 9 0 8 14 1 0 7 4 2 2 0 0 0 16 14 0 6 9 0 0 11 8 0 0 0 0 0 0 7 0 0 0 15 4 0 0 16 0 5 11 0 0 0 14 0 0 0 5 8 0 15 0 0 0 0 0 6 0 0 3 0 0 0 0 14 16 0 11 0 9 0 6 0 12 2 0 5 0 0 0 1 0 13 0 14 0 8 0 4 16 14 0 8 0 0 0 2 0 4 0 9 0 12 3 5 0 0 11 0 5 0 0 0 0 7 0 0 1 0 16 0
0 0 13 0 0 8 12 3 7 9 0 5 0 0 0 0 12 15 0 11 16 0 9 0 0 0 0 0 0 0 5 2 2 1 5 0 0 0 4 0 0 0 10 12 13 9 0 0 0 0 0 0 0 0 0 0 0 0 2 11 0 0 3 14 0 0 0 3 0 0 0 0 0 0 0 0 0 6 0 0 0 13 0 5 6 0 0 12 2 0 11 9 14 0 0 8 8 0 0 0 0 7 0 11 3 0 0 0 0 0 0 0 15 10 0 12 0 13 0 0 1 0 0 6 0 5 7 0 0 6 2 0 11 0 0 1 0 0 5 0 7 0 14 10 0 0 0 0 0 0 0 6 11 0 7 0 0 0 0 4 10 0 0 9 12 3 0 2 16 0 0 1 15 0 8 0 0 0 1 0 0 0 0 0 0 0 0 0 6 0 0 0 3 9 0 0 4 6 0 0 0 0 0 0 0 0 0 0 0 0 12 13 9 14 0 0 0 16 0 0 0 4 2 7 4 5 0 0 0 0 0 0 0 8 0 2 11 0 6 15 0 0 0 0 10 0 2 13 6 7 12 0 0 3 0 0
0 3 0 1 6 0 9 0 0 13 0 10 4 0 0 0 0 0 7 12 0 0 0 0 0 0 0 0 0 5 0 0 9 16 0 0 0 0 3 0 5 0 0 0 11 0 13 0 6 0 10 0 0 14 8 7 0 0 16 15 0 0 3 12 0 6 0 8 5 13 10 0 0 1 0 0 0 0 0 7 0 0 12 0 2 0 0 9 10 0 0 0 0 3 6 11 7 0 0 0 0 0 4 16 0 0 0 0 1 0 0 14 0 9 0 2 0 0 1 14 0 7 15 0 16 13 0 5 2 0 1 10 0 5 14 0 4 9 0 0 3 0 15 0 3 0 0 13 0 0 0 0 8 5 0 0 0 0 0 6 16 12 9 0 0 0 0 10 2 0 0 3 0 1 0 0 5 0 0 0 0 0 15 0 0 10 7 12 13 0 4 0 12 4 0 0 9 16 0 0 15 14 10 0 0 11 0 3 0 7 0 16 0 0 0 4 0 12 0 0 0 0 14 9 0 0 3 0 0 0 0 0 0 0 0 0 12 15 0 0 0 0 0 9 3 0 13 0 0 6 0 7 8 0 1 0
0 0 1 0 0 0 11 0 0 0 0 0 12 3 2 0 0 6 4 11 5 0 0 7 0 0 1 14 13 0 0 0 9 0 0 0 12 10 0 14 4 0 0 0 11 15 0 16 0 0 0 0 0 4 16 13 2 0 0 0 0 0 0 7 0 0 9 0 0 5 0 11 3 0 0 0 0 7 0 0 8 0 0 5 0 12 6 0 10 0 0 0 2 9 0 0 0 0 3 0 9 0 14 0 0 15 0 0 0 0 0 0 1 0 0 13 15 0 8 0 0 0 9 0 10 14 0 12 3 0 15 2 0 14 0 0 0 5 0 6 4 0 0 8 0 0 0 0 0 0 1 0 0 2 0 15 0 12 0 0 0 0 7 14 0 0 0 4 0 11 8 0 1 0 0 2 0 0 6 0 0 0 0 9 14 0 12 0 0 16 0 0 4 0 0 0 0 0 0 5 9 3 16 0 0 0 0 0 14 0 8 15 0 0 0 1 5 0 11 10 0 0 0 6 0 0 0 10 8 6 0 0 13 0 0 1 14 4 11 0 0 1 16 9 0 0 0 0 0 14 0 0 0 10 0 0
4 0 0 7 0 0 3 0 0 0 14 0 0 0 0 5 0 14 0 0 12 0 0 0 9 0 11 1 0 3 15 0 13 10 0 12 2 0 0 0 0 6 0 0 11 4 0 0 6 0 0 0 0 0 0 11 0 0 3 0 0 16 0 0 7 8 14 0 0 0 0 0 0 0 16 5 1 0 4 0 10 0 0 1 0 16 4 0 2 0 0 0 0 0 0 0 0 0 9 0 0 7 5 8 12 15 0 0 16 0 11 10 5 0 0 4 9 0 14 3 0 8 0 0 0 0 0 0 0 0 0 0 0 0 11 0 15 1 0 3 7 0 0 8 14 2 0 11 0 0 16 12 7 5 8 0 0 6 0 0 0 0 0 0 0 0 0 1 0 14 10 0 5 0 0 15 0 4 0 3 8 10 0 0 0 0 0 0 0 14 12 1 0 0 10 0 0 8 0 0 1 0 0 0 0 0 0 3 0 0 13 2 0 0 9 0 0 0 0 8 15 0 7 6 0 12 7 0 6 2 0 16 0 0 0 15 0 0 1 0 15 0 0 0 0 1 0 0 0 2 0 0 9 0 0 16
0 2 0 15 0 0 0 0 5 0 10 12 0 0 13 11 9 0 1 0 11 6 0 0 14 8 2 0 5 16 0 0 0 14 0 0 4 0 0 12 1 11 0 0 0 0 6 2 0 13 0 0 1 0 0 2 0 7 0 0 0 9 0 10 8 0 0 4 0 0 14 0 0 0 0 0 10 0 0 0 0 0 16 2 0 0 0 11 0 0 4 0 3 15 8 14 0 0 0 0 0 13 0 8 15 0 16 14 0 0 9 0 0 11 3 0 10 0 0 0 6 13 0 0 0 5 0 0 0 0 14 0 0 0 5 3 0 0 0 10 0 8 12 0 0 4 0 0 13 11 0 6 3 0 14 0 0 0 0 0 6 1 15 7 0 8 0 0 11 0 0 0 14 13 0 0 0 0 0 10 0 0 0 0 0 9 0 0 15 0 0 1 3 0 2 0 0 0 8 0 7 0 0 11 0 0 15 0 4 8 0 0 0 0 11 13 10 0 0 16 0 0 7 0 0 0 7 1 0 10 3 4 0 0 9 6 0 12 0 8 10 15 0 0 12 9 0 5 0 0 0 0 13 0 16 0
1 0 3 7 15 0 0 0 11 0 0 5 8 0 0 0 0 4 0 0 0 0 8 0 3 0 0 10 14 0 2 9 0 0 0 0 0 0 0 0 9 7 0 0 0 4 0 0 14 0 0 5 0 0 9 4 0 0 0 0 0 0 0 16 0 0 10 0 0 0 0 8 0 4 6 0 9 14 16 0 0 0 9 0 4 2 0 0 0 0 11 14 0 0 0 0 12 0 0 13 14 0 0 0 0 10 7 0 1 11 6 0 0 0 0 16 0 0 0 0 1 5 0 3 15 8 0 12 13 0 7 1 11 0 6 14 0 0 0 0 4 0 0 0 0 10 14 15 0 16 4 0 0 0 0 9 5 0 0 3 0 0 0 0 8 1 0 0 0 0 10 2 0 6 0 0 0 12 4 2 0 3 7 0 6 0 0 0 0 15 0 0 3 0 0 0 0 0 0 0 12 2 0 0 10 0 0 7 0 0 15 0 0 0 5 10 0 0 0 0 0 0 0 0 7 13 0 10 6 0 0 11 0 3 0 0 0 0 15 0 0 0 0 14 16 0 0 15 0 0 0 6 11 12 0 5
0 0 1 9 5 0 0 12 0 0 0 14 0 3 0 7 0 0 0 0 2 0 15 1 12 0 0 6 4 14 0 0 0 0 10 11 0 0 4 0 0 0 1 0 6 16 5 0 0 0 0 0 16 0 0 0 0 3 7 0 0 0 0 0 15 0 13 0 0 6 7 0 2 0 0 0 5 12 11 0 0 2 0 16 0 0 0 4 5 1 0 0 0 0 8 9 8 6 0 0 12 0 0 0 0 0 4 11 2 0 0 0 4 0 0 0 0 0 14 2 13 12 0 0 0 7 16 0 0 14 8 0 0 0 11 13 7 4 0 0 0 0 0 6 0 0 0 12 9 10 0 0 0 0 0 2 0 0 13 5 7 13 0 0 0 0 5 3 1 0 0 0 9 0 15 0 0 3 5 1 0 0 0 6 0 8 13 0 0 10 0 12 0 0 0 0 0 7 12 0 0 0 0 4 0 0 0 0 0 7 11 3 0 16 0 0 0 15 0 0 12 4 0 0 0 0 16 6 10 0 0 9 14 7 0 3 0 0 0 0 12 0 2 0 6 0 0 0 8 0 0 10 16 5 0 0
0 0 0 0 0 0 11 13 0 0 15 12 14 10 0 7 0 0 14 0 4 10 16 3 0 1 0 0 13 0 0 2 0 0 0 0 6 0 0 2 0 0 3 0 8 0 0 4 0 0 0 0 9 7 0 0 11 14 0 0 0 0 6 12 0 0 9 0 11 0 0 6 0 8 0 0 0 16 0 15 14 12 0 0 15 0 0 0 0 10 0 13 0 0 3 5 11 0 0 6 0 5 3 0 7 0 0 14 0 0 8 0 1 2 0 4 0 16 0 0 0 0 0 0 11 0 0 14 15 0 0 13 0 0 0 0 0 0 10 0 7 0 12 16 0 11 0 0 2 0 0 8 0 4 5 0 10 0 0 6 9 4 0 0 7 0 6 0 0 0 0 1 0 0 2 13 2 0 10 0 0 0 13 0 6 0 0 11 0 8 0 0 6 1 0 0 0 0 5 9 0 0 8 7 0 0 0 0 8 0 0 10 0 2 0 0 16 0 0 5 0 0 0 0 13 0 0 16 0 0 4 0 15 11 6 3 0 14 0 0 3 0 7 14 16 6 0 0 4 2 0 0 0 0 0 0
0 0 0 14 0 0 0 1 10 11 12 0 16 6 0 0 0 0 0 12 10 13 0 16 0 0 7 8 0 0 0 0 11 0 0 0 0 4 3 0 15 1 0 6 0 0 0 0 0 0 0 0 12 11 0 6 2 16 9 0 0 4 0 0 0 16 0 11 0 14 0 4 0 0 1 0 0 0 8 13 8 0 0 3 0 0 12 15 0 0 5 0 0 0 16 4 14 0 0 0 13 0 0 5 0 10 0 0 11 9 0 0 0 0 4 0 2 0 0 0 0 0 0 0 14 0 5 12 1 12 0 5 0 0 0 0 0 0 0 9 0 7 0 0 0 0 10 9 0 0 11 0 3 0 0 2 0 0 0 8 16 4 0 0 0 2 0 0 14 7 0 0 9 0 0 6 2 3 0 0 0 7 0 0 5 0 8 0 12 0 15 0 0 0 9 0 0 8 5 10 1 0 4 14 0 0 0 0 0 0 0 0 15 0 4 11 0 9 6 0 0 0 0 3 0 0 0 0 6 16 0 0 12 0 15 5 8 0 0 0 0 0 15 7 0 9 2 12 13 0 0 0 4 0 0 0